10 1
10 11
1 11
11 12
1 12
11 20
11 29
1 13
11 37
1 14
1 2
12 13
12 17
12 21
12 24
12 34
12 37
12 9
1 3
13 3
13 4
14 20
14 21
15 13
15 14
15 16
15 19
15 21
15 9
1 7
17 13
1 9
19 14
19 15
19 21
21 11
21 12
21 13
21 17
21 29
2 13
21 30
21 4
2 15
2 16
2 17
22 18
22 28
22 43
2 3
23 11
23 14
23 19
23 21
23 29
23 30
23 4
23 8
23 9
2 4
24 12
24 37
24 4
25 26
27 18
27 39
29 13
29 3
3 12
31 22
31 27
3 13
31 32
31 6
3 17
32 27
3 29
33 34
33 35
3 4
34 36
35 36
37 40
40 24
40 37
40 41
40 42
4 12
4 13
4 15
4 17
4 2
42 12
42 24
42 37
42 40
42 9
4 3
44 45
44 62
44 65
46 47
48 43
48 61
49 50
49 51
51 50
5 18
52 53
52 71
54 55
5 6
56 57
58 59
59 62
59 63
6 18
6 27
6 38
64 44
66 67
66 68
67 44
67 68
69 70
7 12
72 73
7 8
7 9
8 11
8 14
8 20
8 21
9 11
9 12
9 14
9 17
9 21
9 24
9 29
9 30
9 37
9 60
