100
0 8
0 11
0 16
0 18
0 22
0 23
0 24
0 33
0 42
0 45
0 48
0 50
0 55
0 56
0 59
0 60
0 64
0 65
0 74
0 77
0 78
0 79
0 80
0 82
0 88
0 96
0 97
1 4
1 5
1 6
1 12
1 13
1 17
1 18
1 28
1 32
1 33
1 34
1 36
1 37
1 38
1 39
1 50
1 53
1 56
1 60
1 70
1 76
1 86
1 90
1 93
1 96
1 97
2 5
2 7
2 9
2 21
2 35
2 37
2 44
2 48
2 52
2 53
2 59
2 62
2 74
2 76
2 77
2 79
2 84
2 89
2 99
3 7
3 17
3 23
3 25
3 29
3 31
3 32
3 35
3 37
3 44
3 46
3 47
3 48
3 50
3 52
3 58
3 65
3 69
3 74
3 75
3 81
3 83
3 87
3 88
3 93
3 95
3 99
4 12
4 14
4 21
4 23
4 26
4 27
4 33
4 34
4 38
4 45
4 48
4 50
4 54
4 56
4 65
4 66
4 68
4 69
4 73
4 76
4 81
4 82
4 83
4 85
4 87
4 94
5 8
5 16
5 21
5 22
5 25
5 27
5 30
5 36
5 39
5 40
5 44
5 48
5 50
5 51
5 54
5 67
5 69
5 74
5 76
5 77
5 84
5 85
5 87
5 90
5 94
6 8
6 14
6 19
6 24
6 31
6 41
6 45
6 47
6 50
6 54
6 66
6 79
6 83
6 85
6 86
6 87
6 96
6 98
7 9
7 10
7 11
7 13
7 21
7 26
7 29
7 32
7 35
7 37
7 39
7 42
7 46
7 53
7 58
7 59
7 60
7 65
7 67
7 68
7 71
7 78
7 81
7 92
8 10
8 11
8 15
8 17
8 35
8 36
8 40
8 41
8 48
8 51
8 64
8 67
8 77
8 83
8 84
8 87
8 94
9 23
9 30
9 34
9 35
9 44
9 45
9 49
9 52
9 58
9 61
9 66
9 67
9 70
9 72
9 79
9 82
9 92
9 94
9 96
10 11
10 14
10 25
10 31
10 33
10 35
10 37
10 38
10 46
10 48
10 54
10 60
10 70
10 78
10 81
10 89
11 15
11 17
11 18
11 20
11 21
11 33
11 38
11 40
11 52
11 58
11 61
11 65
11 81
11 90
11 96
11 97
11 99
12 13
12 17
12 20
12 21
12 28
12 30
12 37
12 48
12 49
12 53
12 54
12 56
12 57
12 61
12 62
12 67
12 75
12 76
12 79
12 81
12 87
12 90
12 91
12 95
12 97
13 16
13 19
13 20
13 25
13 27
13 35
13 37
13 38
13 39
13 42
13 43
13 58
13 60
13 62
13 68
13 79
13 81
13 83
13 89
13 90
13 93
13 96
13 97
13 98
14 31
14 33
14 36
14 44
14 45
14 47
14 50
14 60
14 61
14 65
14 67
14 72
14 73
14 80
14 82
14 89
14 90
14 93
14 95
14 97
15 16
15 22
15 24
15 29
15 32
15 35
15 41
15 43
15 49
15 52
15 56
15 63
15 69
15 70
15 71
15 72
15 79
15 83
15 85
15 90
15 94
16 19
16 30
16 31
16 33
16 34
16 38
16 47
16 51
16 52
16 58
16 68
16 95
16 99
17 18
17 19
17 21
17 25
17 27
17 28
17 31
17 32
17 33
17 35
17 39
17 40
17 44
17 45
17 46
17 59
17 60
17 70
17 71
17 78
17 79
17 93
17 94
18 25
18 26
18 28
18 32
18 33
18 40
18 46
18 50
18 52
18 53
18 55
18 60
18 61
18 66
18 67
18 69
18 70
18 72
18 76
18 78
18 79
18 81
18 85
18 86
18 92
18 96
19 24
19 28
19 31
19 32
19 38
19 39
19 41
19 43
19 47
19 49
19 51
19 52
19 53
19 56
19 58
19 61
19 63
19 69
19 71
19 73
19 74
19 80
19 83
19 84
19 86
19 89
20 21
20 30
20 33
20 36
20 37
20 46
20 54
20 55
20 56
20 60
20 61
20 64
20 71
20 72
20 78
20 83
20 84
20 85
20 87
20 88
20 89
20 90
20 91
20 95
21 28
21 31
21 33
21 37
21 38
21 41
21 43
21 45
21 46
21 50
21 61
21 67
21 71
21 74
21 78
21 79
21 84
21 85
21 86
21 87
21 97
22 29
22 37
22 40
22 41
22 43
22 44
22 52
22 58
22 59
22 61
22 66
22 67
22 69
22 75
22 80
22 83
22 90
22 93
22 97
23 26
23 28
23 32
23 34
23 40
23 46
23 47
23 48
23 49
23 75
23 78
23 80
23 81
23 82
23 83
23 84
23 88
23 98
24 26
24 31
24 33
24 35
24 40
24 44
24 45
24 48
24 50
24 55
24 58
24 59
24 70
24 74
24 79
24 83
24 91
24 95
24 98
25 26
25 32
25 33
25 34
25 37
25 51
25 52
25 62
25 64
25 67
25 68
25 69
25 70
25 71
25 72
25 82
25 93
25 94
26 28
26 29
26 32
26 33
26 38
26 40
26 43
26 45
26 50
26 52
26 60
26 63
26 64
26 65
26 73
26 75
26 76
26 78
26 79
26 80
26 85
26 87
26 88
26 91
26 92
27 30
27 34
27 41
27 42
27 48
27 50
27 51
27 52
27 53
27 54
27 58
27 62
27 67
27 70
27 71
27 73
27 80
27 95
28 32
28 35
28 36
28 43
28 51
28 53
28 55
28 60
28 62
28 68
28 69
28 78
28 82
28 89
28 91
28 92
28 94
28 98
29 43
29 45
29 50
29 51
29 52
29 54
29 56
29 59
29 62
29 69
29 71
29 74
29 77
29 86
29 91
29 99
30 31
30 32
30 33
30 34
30 37
30 40
30 42
30 43
30 44
30 45
30 46
30 58
30 59
30 62
30 65
30 71
30 76
30 77
30 78
30 81
30 82
30 85
30 87
30 91
30 99
31 38
31 40
31 41
31 46
31 55
31 57
31 58
31 62
31 67
31 71
31 77
31 78
31 79
31 83
31 89
31 95
31 96
31 97
31 98
31 99
32 37
32 40
32 43
32 46
32 48
32 56
32 58
32 59
32 69
32 72
32 82
32 85
32 87
32 93
32 95
33 35
33 38
33 40
33 47
33 49
33 50
33 51
33 62
33 64
33 71
33 75
33 89
33 95
33 96
34 40
34 41
34 42
34 43
34 44
34 46
34 48
34 53
34 57
34 59
34 60
34 67
34 71
34 74
34 79
34 85
34 92
34 97
35 38
35 39
35 41
35 44
35 47
35 51
35 59
35 61
35 67
35 68
35 69
35 71
35 74
35 83
35 88
35 94
35 98
35 99
36 44
36 45
36 47
36 52
36 61
36 71
36 72
36 73
36 78
36 80
36 82
36 83
36 86
36 89
36 95
37 38
37 43
37 44
37 51
37 52
37 54
37 55
37 56
37 60
37 62
37 65
37 68
37 71
37 76
37 77
37 78
37 93
37 94
37 95
38 43
38 51
38 55
38 64
38 65
38 74
38 87
38 90
39 40
39 43
39 44
39 45
39 46
39 49
39 57
39 58
39 69
39 71
39 72
39 79
39 85
39 86
39 88
40 46
40 48
40 56
40 59
40 60
40 68
40 70
40 72
40 76
40 80
40 94
41 51
41 52
41 55
41 57
41 65
41 69
41 72
41 77
41 79
41 80
41 85
41 87
41 92
41 96
41 97
41 98
42 90
42 92
42 97
43 48
43 49
43 50
43 62
43 66
43 75
43 76
43 80
43 81
43 82
43 84
43 89
43 90
43 96
43 98
44 68
44 71
44 72
44 89
44 95
44 96
44 98
44 99
45 51
45 60
45 67
45 69
45 71
45 72
45 73
45 75
45 80
45 81
45 82
45 88
45 92
46 47
46 49
46 54
46 58
46 59
46 63
46 64
46 66
46 71
46 73
46 80
46 81
46 82
46 86
46 90
46 91
47 50
47 62
47 71
47 73
47 78
47 89
47 92
48 49
48 51
48 52
48 53
48 56
48 59
48 69
48 70
48 71
48 78
48 79
48 99
49 50
49 51
49 56
49 57
49 60
49 64
49 69
49 71
49 75
49 82
49 84
49 85
49 90
49 92
49 93
49 94
49 98
50 53
50 54
50 60
50 61
50 62
50 65
50 67
50 70
50 71
50 73
50 75
50 81
50 82
50 84
50 87
50 93
50 94
50 96
50 97
51 53
51 57
51 73
51 81
51 85
51 90
51 93
51 94
51 99
52 57
52 59
52 60
52 63
52 64
52 71
52 75
52 78
52 82
52 84
52 85
52 93
52 96
53 57
53 58
53 61
53 66
53 68
53 70
53 73
53 74
53 75
53 77
53 78
53 82
53 86
53 87
53 89
53 94
54 58
54 61
54 63
54 64
54 65
54 80
54 89
54 90
54 94
54 98
55 61
55 65
55 66
55 68
55 72
55 74
55 84
55 89
55 95
55 98
56 65
56 68
56 70
56 73
56 79
56 80
56 82
56 86
56 88
56 89
56 94
56 95
56 96
56 98
56 99
57 58
57 61
57 66
57 68
57 72
57 78
57 79
57 83
57 86
57 87
57 90
57 99
58 74
58 79
58 81
58 85
58 89
58 90
58 93
58 98
59 65
59 66
59 70
59 71
59 76
59 77
59 81
59 87
59 88
59 90
59 91
59 92
59 95
60 63
60 75
60 76
60 81
60 86
60 88
61 67
61 68
61 74
61 83
61 86
61 87
61 91
61 94
61 98
62 65
62 67
62 69
62 72
62 83
62 88
62 95
62 99
63 66
63 69
63 80
63 81
63 83
63 86
63 92
64 66
64 71
64 75
64 77
64 89
64 91
64 95
65 69
65 71
65 75
65 79
65 84
65 86
66 67
66 70
66 75
66 78
66 80
66 85
66 88
66 89
66 96
67 70
67 79
67 83
67 84
67 87
67 98
67 99
68 70
68 72
68 75
68 76
68 88
68 89
68 93
69 71
69 72
69 73
69 77
69 82
69 85
69 88
69 89
69 90
69 94
69 95
69 96
69 98
70 71
70 72
70 75
70 77
70 85
70 86
70 87
70 88
70 89
70 90
71 82
71 84
71 91
71 93
71 96
72 89
72 91
72 92
72 94
73 75
73 80
73 83
73 84
73 87
73 90
73 95
74 77
74 81
74 85
74 87
74 88
74 91
74 92
74 95
74 98
75 80
75 81
75 84
75 93
76 78
76 82
76 86
76 91
76 92
76 99
77 79
77 81
77 94
78 82
78 88
78 92
78 99
79 81
79 83
79 85
79 86
79 87
79 91
79 98
79 99
80 86
80 87
80 91
80 96
80 97
80 99
81 85
81 87
81 97
81 98
82 87
82 90
82 95
82 96
82 99
83 84
83 88
83 97
84 85
84 86
84 89
84 90
84 96
84 97
85 87
85 92
85 94
85 97
85 99
86 87
86 89
86 90
87 96
88 89
88 90
88 95
89 91
89 93
89 94
89 99
90 91
90 92
90 96
91 94
93 94
93 96
93 97
94 95
96 97
96 98
