100
0 5
0 6
0 12
0 17
0 20
0 21
0 26
0 29
0 32
0 37
0 39
0 44
0 52
0 59
0 61
0 63
0 67
0 70
0 71
0 88
0 96
1 14
1 24
1 26
1 30
1 31
1 34
1 35
1 45
1 50
1 53
1 63
1 70
1 74
1 82
1 88
1 90
1 98
2 3
2 4
2 6
2 10
2 15
2 18
2 22
2 24
2 28
2 29
2 30
2 32
2 39
2 41
2 42
2 49
2 51
2 53
2 54
2 58
2 61
2 67
2 73
2 74
2 77
2 81
2 92
3 4
3 6
3 9
3 11
3 29
3 34
3 40
3 42
3 45
3 47
3 51
3 54
3 58
3 66
3 73
3 80
3 88
3 90
3 94
3 96
4 10
4 13
4 17
4 23
4 26
4 28
4 33
4 37
4 39
4 44
4 46
4 49
4 52
4 53
4 56
4 58
4 59
4 60
4 62
4 67
4 72
4 73
4 74
4 82
4 84
4 85
4 89
4 91
4 94
4 99
5 9
5 17
5 18
5 20
5 25
5 31
5 39
5 46
5 53
5 59
5 63
5 65
5 69
5 76
5 77
5 86
5 90
6 9
6 14
6 19
6 21
6 22
6 27
6 32
6 38
6 39
6 41
6 43
6 44
6 46
6 49
6 52
6 54
6 58
6 63
6 66
6 71
6 72
6 73
6 80
6 81
6 88
6 89
6 90
6 93
6 95
6 96
6 99
7 8
7 10
7 12
7 15
7 16
7 17
7 19
7 22
7 24
7 28
7 33
7 36
7 37
7 39
7 45
7 49
7 52
7 55
7 57
7 60
7 64
7 65
7 67
7 68
7 74
7 78
7 79
7 80
7 83
7 87
7 88
7 91
7 94
7 95
8 10
8 11
8 13
8 20
8 23
8 30
8 41
8 49
8 53
8 55
8 58
8 64
8 67
8 68
8 70
8 72
8 76
8 77
8 80
8 81
8 85
8 95
8 96
8 98
9 13
9 17
9 20
9 27
9 31
9 36
9 38
9 40
9 42
9 43
9 50
9 55
9 56
9 63
9 64
9 65
9 75
9 76
9 79
9 80
9 81
9 85
9 87
9 92
10 15
10 21
10 22
10 23
10 24
10 25
10 26
10 29
10 42
10 43
10 44
10 45
10 46
10 47
10 48
10 52
10 60
10 65
10 68
10 69
10 74
10 75
10 77
10 85
10 86
10 90
11 18
11 24
11 25
11 32
11 33
11 39
11 50
11 52
11 55
11 62
11 63
11 67
11 69
11 71
11 74
11 75
11 88
11 89
11 92
11 93
12 13
12 15
12 20
12 22
12 23
12 32
12 33
12 35
12 39
12 40
12 43
12 44
12 46
12 47
12 52
12 56
12 65
12 69
12 75
12 76
12 78
12 82
12 84
12 86
12 89
12 91
12 92
12 93
12 94
13 19
13 21
13 35
13 53
13 64
13 67
13 71
13 73
13 78
13 83
13 84
13 89
13 98
14 16
14 19
14 22
14 23
14 24
14 25
14 27
14 51
14 52
14 57
14 58
14 69
14 70
14 72
14 73
14 75
14 76
14 77
14 83
14 90
14 97
14 98
15 16
15 17
15 18
15 20
15 21
15 22
15 26
15 28
15 29
15 33
15 34
15 38
15 46
15 49
15 55
15 58
15 66
15 74
15 79
15 84
15 89
15 96
16 23
16 24
16 32
16 33
16 34
16 36
16 45
16 46
16 51
16 53
16 54
16 55
16 56
16 61
16 64
16 68
16 79
16 80
16 83
16 87
16 90
16 91
17 19
17 21
17 23
17 29
17 34
17 35
17 38
17 42
17 48
17 50
17 51
17 55
17 56
17 59
17 62
17 63
17 66
17 67
17 72
17 77
17 78
17 80
17 81
17 86
17 89
17 91
17 98
17 99
18 26
18 27
18 36
18 43
18 46
18 47
18 51
18 52
18 54
18 57
18 63
18 65
18 67
18 70
18 71
18 74
18 76
18 78
18 81
18 86
18 96
18 98
19 20
19 23
19 24
19 28
19 32
19 38
19 40
19 44
19 45
19 55
19 58
19 62
19 63
19 66
19 69
19 70
19 71
19 72
19 74
19 82
19 86
19 91
19 94
19 97
20 41
20 46
20 51
20 52
20 55
20 57
20 59
20 67
20 70
20 74
20 75
20 79
20 81
20 88
20 89
20 91
20 92
20 94
20 96
20 97
20 98
21 25
21 26
21 27
21 34
21 35
21 37
21 40
21 41
21 42
21 54
21 55
21 59
21 62
21 66
21 67
21 68
21 69
21 71
21 72
21 74
21 77
21 79
21 86
21 87
21 89
21 90
21 97
21 98
21 99
22 28
22 34
22 35
22 36
22 40
22 43
22 44
22 46
22 53
22 60
22 62
22 63
22 72
22 73
22 74
22 75
22 76
22 79
22 93
22 98
23 25
23 26
23 31
23 32
23 34
23 36
23 45
23 49
23 51
23 59
23 64
23 72
23 75
23 76
23 80
23 82
23 84
23 89
23 95
23 99
24 26
24 28
24 30
24 32
24 42
24 46
24 50
24 52
24 53
24 56
24 58
24 61
24 71
24 74
24 78
24 84
24 90
24 95
24 98
25 26
25 29
25 30
25 38
25 42
25 51
25 55
25 60
25 61
25 63
25 65
25 70
25 79
25 82
25 85
25 91
25 92
26 32
26 36
26 37
26 39
26 40
26 41
26 53
26 59
26 62
26 63
26 65
26 69
26 73
26 76
26 78
26 79
26 85
26 86
26 87
26 90
26 93
26 98
27 30
27 36
27 44
27 46
27 50
27 64
27 65
27 69
27 70
27 72
27 79
27 81
27 82
27 85
27 86
27 90
27 97
27 99
28 32
28 37
28 43
28 46
28 67
28 74
28 83
29 33
29 38
29 42
29 49
29 56
29 59
29 69
29 72
29 73
29 74
29 77
29 80
29 82
29 83
29 84
29 85
29 87
29 89
29 98
29 99
30 32
30 33
30 35
30 37
30 38
30 39
30 42
30 45
30 47
30 48
30 50
30 55
30 56
30 58
30 61
30 66
30 69
30 71
30 72
30 75
30 84
30 86
30 93
30 95
30 96
30 97
31 39
31 44
31 45
31 46
31 49
31 56
31 57
31 63
31 65
31 67
31 68
31 78
31 79
31 89
31 90
31 91
32 33
32 37
32 38
32 39
32 40
32 43
32 45
32 50
32 54
32 59
32 61
32 66
32 67
32 69
32 73
32 75
32 79
32 88
32 92
33 38
33 39
33 41
33 43
33 44
33 46
33 48
33 50
33 52
33 54
33 58
33 65
33 73
33 76
33 78
33 79
33 80
33 83
33 86
33 87
33 92
33 93
33 94
33 97
34 36
34 39
34 45
34 46
34 49
34 50
34 51
34 52
34 61
34 63
34 78
34 83
34 84
34 85
34 90
34 91
34 94
34 97
35 37
35 44
35 48
35 51
35 52
35 55
35 59
35 61
35 69
35 71
35 79
35 81
35 89
35 94
35 98
36 39
36 51
36 52
36 53
36 55
36 57
36 58
36 60
36 69
36 70
36 71
36 73
36 74
36 76
36 82
36 89
36 91
36 92
36 93
36 97
36 98
37 44
37 45
37 47
37 49
37 53
37 54
37 58
37 60
37 67
37 70
37 76
37 79
37 83
37 92
37 94
38 39
38 42
38 43
38 48
38 49
38 50
38 52
38 53
38 56
38 57
38 62
38 63
38 66
38 67
38 68
38 70
38 76
38 79
38 87
38 91
38 99
39 42
39 43
39 45
39 48
39 50
39 52
39 55
39 58
39 61
39 63
39 65
39 66
39 71
39 72
39 77
39 78
39 86
39 96
39 97
39 98
40 44
40 46
40 47
40 50
40 55
40 58
40 59
40 64
40 66
40 68
40 69
40 71
40 74
40 75
40 76
40 80
40 83
40 95
40 99
41 45
41 48
41 58
41 71
41 74
41 87
41 89
41 91
41 93
41 95
41 97
42 48
42 60
42 62
42 63
42 67
42 69
42 71
42 74
42 78
42 79
42 80
42 81
42 84
42 85
42 88
42 89
43 49
43 50
43 53
43 54
43 55
43 57
43 64
43 69
43 71
43 72
43 74
43 82
43 83
43 84
43 88
43 91
43 97
43 99
44 49
44 57
44 60
44 61
44 62
44 66
44 71
44 74
44 76
44 79
44 80
44 83
44 85
44 90
44 93
44 99
45 46
45 47
45 49
45 50
45 53
45 54
45 55
45 56
45 57
45 60
45 62
45 66
45 68
45 75
45 80
45 81
45 86
45 89
45 90
45 92
45 93
45 94
45 99
46 48
46 50
46 56
46 57
46 61
46 67
46 70
46 71
46 76
46 79
46 82
46 88
46 89
46 90
46 93
46 94
46 98
47 54
47 56
47 60
47 61
47 64
47 66
47 69
47 70
47 71
47 90
47 93
47 97
48 57
48 65
48 68
48 69
48 70
48 75
48 79
48 81
48 94
48 96
48 99
49 58
49 62
49 65
49 66
49 70
49 71
49 74
49 81
49 86
49 87
49 94
49 97
49 99
50 66
50 74
50 75
50 77
50 81
50 85
50 87
50 88
50 91
50 97
50 99
51 53
51 57
51 68
51 69
51 70
51 74
51 75
51 80
51 85
51 87
51 90
51 96
52 54
52 56
52 57
52 60
52 64
52 65
52 69
52 73
52 75
52 79
52 81
52 93
52 95
53 56
53 67
53 69
53 70
53 71
53 72
53 86
53 90
53 94
53 95
53 99
54 65
54 72
54 74
54 77
54 79
54 83
54 84
54 88
54 90
54 94
55 59
55 65
55 67
55 70
55 78
55 83
55 87
55 95
55 97
56 61
56 72
56 79
56 84
56 88
56 92
56 95
57 61
57 68
57 80
57 85
57 89
57 91
57 93
57 95
57 98
58 59
58 69
58 71
58 76
58 77
58 80
58 83
58 85
58 86
58 87
58 88
59 60
59 65
59 70
59 71
59 77
59 80
59 85
59 88
59 89
59 90
59 91
59 93
59 96
59 98
60 62
60 63
60 67
60 68
60 74
60 95
61 62
61 69
61 70
61 74
61 79
61 81
61 84
61 86
61 87
61 92
61 93
61 94
61 96
62 65
62 66
62 67
62 69
62 70
62 73
62 74
62 77
62 86
62 91
63 65
63 67
63 69
63 71
63 72
63 76
63 82
63 84
63 85
63 94
64 69
64 71
64 72
64 75
64 80
64 83
64 84
64 85
64 86
64 88
64 90
64 97
64 98
65 67
65 70
65 74
65 76
65 80
65 82
65 85
65 89
65 95
66 74
66 75
66 79
66 82
66 83
66 87
66 91
66 92
66 96
66 99
67 68
67 75
67 90
67 94
67 96
68 72
68 74
68 79
68 81
68 82
68 84
68 94
68 98
69 70
69 71
69 74
69 79
69 81
69 85
69 89
69 91
69 99
70 79
70 85
70 89
70 91
70 95
70 99
71 77
71 80
71 81
71 82
71 87
71 89
71 99
72 75
72 76
72 80
72 82
72 88
72 96
72 97
72 99
73 74
73 75
73 79
73 91
74 75
74 84
74 87
74 88
74 91
74 96
75 77
75 87
75 89
75 90
75 96
75 98
76 90
76 93
76 96
77 78
77 80
77 85
77 91
77 96
77 98
77 99
78 89
78 90
78 93
78 98
78 99
79 84
79 95
79 99
80 84
80 93
81 82
81 97
82 84
82 86
82 95
83 85
83 90
83 91
83 93
83 95
83 98
84 85
85 86
85 87
85 88
85 91
85 92
85 93
86 87
86 89
87 90
87 91
87 98
87 99
88 90
88 94
88 95
88 96
89 90
89 93
89 94
89 95
89 96
90 93
90 96
90 98
93 94
93 95
96 99
97 98
