100
0 2
0 5
0 6
0 7
0 8
0 9
0 10
0 11
0 12
0 14
0 17
0 20
0 25
0 26
0 27
0 29
0 30
0 31
0 32
0 34
0 36
0 39
0 40
0 41
0 42
0 46
0 48
0 50
0 51
0 53
0 56
0 57
0 58
0 59
0 62
0 63
0 64
0 65
0 66
0 69
0 70
0 72
0 74
0 76
0 77
0 80
0 82
0 83
0 86
0 87
0 89
0 95
0 96
0 99
1 6
1 9
1 11
1 12
1 13
1 14
1 15
1 17
1 18
1 20
1 24
1 31
1 32
1 36
1 38
1 40
1 41
1 42
1 43
1 45
1 49
1 52
1 53
1 55
1 57
1 59
1 60
1 61
1 62
1 70
1 76
1 77
1 79
1 80
1 81
1 86
1 89
1 90
1 91
1 93
1 94
1 95
1 97
1 98
2 3
2 7
2 8
2 11
2 12
2 13
2 14
2 17
2 20
2 22
2 24
2 26
2 34
2 35
2 37
2 38
2 39
2 40
2 41
2 42
2 43
2 45
2 49
2 53
2 57
2 58
2 59
2 61
2 62
2 64
2 65
2 67
2 68
2 69
2 71
2 73
2 76
2 77
2 79
2 81
2 83
2 86
2 88
2 89
2 91
2 93
2 95
2 96
2 97
2 98
2 99
3 5
3 6
3 7
3 8
3 9
3 10
3 12
3 13
3 16
3 18
3 19
3 20
3 25
3 26
3 27
3 28
3 29
3 30
3 31
3 32
3 33
3 34
3 37
3 40
3 41
3 45
3 46
3 47
3 49
3 50
3 51
3 53
3 54
3 55
3 57
3 58
3 59
3 60
3 62
3 64
3 66
3 72
3 73
3 75
3 76
3 77
3 79
3 81
3 83
3 84
3 85
3 87
3 88
3 90
3 92
3 93
3 96
4 7
4 8
4 16
4 18
4 19
4 20
4 24
4 26
4 28
4 31
4 32
4 35
4 36
4 37
4 40
4 41
4 43
4 44
4 46
4 47
4 49
4 52
4 54
4 58
4 59
4 63
4 64
4 71
4 73
4 75
4 76
4 78
4 79
4 80
4 83
4 85
4 86
4 87
4 92
4 95
4 96
4 97
4 99
5 8
5 10
5 11
5 15
5 16
5 20
5 21
5 22
5 24
5 26
5 38
5 42
5 43
5 45
5 46
5 47
5 48
5 51
5 55
5 57
5 61
5 63
5 64
5 68
5 73
5 74
5 75
5 82
5 83
5 86
5 88
5 90
5 92
5 97
5 98
6 7
6 11
6 13
6 14
6 15
6 16
6 17
6 20
6 23
6 26
6 27
6 29
6 31
6 32
6 35
6 39
6 44
6 46
6 48
6 50
6 54
6 55
6 56
6 57
6 59
6 61
6 62
6 63
6 64
6 75
6 76
6 81
6 82
6 84
6 87
6 90
6 92
6 95
6 96
6 97
6 98
6 99
7 10
7 11
7 12
7 13
7 14
7 15
7 16
7 17
7 19
7 21
7 23
7 24
7 25
7 26
7 30
7 36
7 38
7 40
7 41
7 45
7 47
7 48
7 50
7 51
7 52
7 55
7 56
7 57
7 59
7 63
7 64
7 66
7 70
7 71
7 72
7 73
7 74
7 76
7 79
7 81
7 82
7 86
7 87
7 88
7 90
7 94
7 95
7 97
7 99
8 9
8 11
8 12
8 14
8 17
8 18
8 20
8 24
8 25
8 26
8 27
8 28
8 29
8 31
8 32
8 33
8 34
8 36
8 37
8 40
8 41
8 45
8 47
8 48
8 52
8 53
8 63
8 65
8 70
8 73
8 75
8 76
8 77
8 78
8 79
8 81
8 82
8 83
8 85
8 86
8 88
8 90
8 93
8 95
8 96
8 97
8 98
9 10
9 12
9 14
9 17
9 22
9 23
9 25
9 28
9 31
9 33
9 34
9 35
9 37
9 38
9 42
9 43
9 44
9 46
9 48
9 50
9 54
9 58
9 59
9 61
9 64
9 66
9 67
9 69
9 70
9 71
9 74
9 75
9 77
9 79
9 80
9 81
9 84
9 86
9 87
9 94
9 96
9 97
9 99
10 12
10 15
10 19
10 20
10 23
10 24
10 25
10 28
10 32
10 34
10 40
10 43
10 44
10 46
10 50
10 51
10 52
10 53
10 54
10 58
10 60
10 64
10 65
10 69
10 70
10 71
10 74
10 75
10 76
10 77
10 79
10 80
10 84
10 86
10 87
10 88
10 90
10 92
10 95
10 96
10 97
10 98
11 13
11 17
11 20
11 21
11 25
11 26
11 27
11 28
11 29
11 30
11 33
11 35
11 36
11 40
11 43
11 45
11 47
11 48
11 49
11 50
11 52
11 53
11 54
11 59
11 62
11 63
11 65
11 66
11 69
11 71
11 74
11 78
11 80
11 84
11 85
11 86
11 87
11 89
11 90
11 91
11 92
11 94
11 95
11 98
11 99
12 15
12 16
12 18
12 21
12 22
12 23
12 24
12 26
12 27
12 28
12 29
12 31
12 32
12 33
12 34
12 35
12 38
12 39
12 40
12 41
12 42
12 43
12 45
12 46
12 48
12 52
12 53
12 55
12 56
12 57
12 59
12 61
12 63
12 64
12 68
12 71
12 73
12 76
12 78
12 83
12 84
12 86
12 89
12 95
12 98
13 14
13 16
13 21
13 24
13 28
13 29
13 34
13 35
13 36
13 37
13 38
13 39
13 41
13 42
13 46
13 48
13 51
13 53
13 54
13 55
13 56
13 59
13 61
13 62
13 64
13 67
13 70
13 71
13 73
13 75
13 79
13 80
13 83
13 85
13 87
13 90
13 95
13 96
13 98
14 16
14 21
14 24
14 26
14 31
14 37
14 38
14 39
14 42
14 43
14 44
14 48
14 49
14 51
14 54
14 55
14 57
14 58
14 61
14 62
14 66
14 68
14 70
14 74
14 75
14 79
14 80
14 81
14 82
14 85
14 86
14 87
14 89
14 90
14 92
14 94
14 95
14 98
14 99
15 17
15 18
15 24
15 25
15 26
15 28
15 30
15 31
15 33
15 38
15 42
15 43
15 47
15 48
15 49
15 50
15 55
15 57
15 58
15 62
15 65
15 66
15 69
15 70
15 71
15 72
15 73
15 78
15 79
15 80
15 82
15 83
15 84
15 85
15 86
15 87
15 88
15 92
15 96
15 97
15 99
16 18
16 20
16 21
16 22
16 23
16 24
16 26
16 27
16 31
16 40
16 41
16 42
16 43
16 44
16 49
16 51
16 53
16 55
16 60
16 62
16 65
16 67
16 68
16 69
16 73
16 74
16 76
16 77
16 79
16 84
16 86
16 88
16 89
16 97
17 18
17 21
17 22
17 26
17 27
17 28
17 31
17 33
17 36
17 37
17 38
17 40
17 41
17 42
17 45
17 48
17 49
17 50
17 52
17 53
17 54
17 55
17 58
17 59
17 60
17 62
17 63
17 64
17 65
17 69
17 74
17 76
17 78
17 79
17 80
17 81
17 82
17 86
17 88
17 92
17 93
17 94
17 96
17 98
17 99
18 19
18 21
18 22
18 26
18 33
18 35
18 39
18 40
18 42
18 43
18 44
18 45
18 46
18 48
18 50
18 51
18 53
18 54
18 55
18 57
18 58
18 59
18 63
18 65
18 66
18 67
18 68
18 69
18 71
18 73
18 77
18 78
18 82
18 85
18 86
18 87
18 88
18 90
18 91
18 97
18 98
18 99
19 21
19 22
19 25
19 29
19 32
19 33
19 35
19 36
19 37
19 40
19 41
19 43
19 48
19 52
19 55
19 56
19 57
19 58
19 60
19 62
19 64
19 67
19 68
19 69
19 70
19 71
19 72
19 73
19 78
19 81
19 82
19 83
19 85
19 87
19 89
19 91
19 92
19 93
19 95
19 96
19 99
20 28
20 31
20 32
20 33
20 36
20 40
20 43
20 44
20 45
20 50
20 51
20 52
20 54
20 57
20 62
20 63
20 68
20 70
20 71
20 76
20 78
20 81
20 82
20 86
20 87
20 89
20 90
20 91
20 93
20 95
20 96
21 22
21 25
21 27
21 29
21 30
21 31
21 32
21 33
21 36
21 38
21 39
21 40
21 43
21 44
21 45
21 47
21 49
21 50
21 52
21 53
21 59
21 60
21 61
21 62
21 66
21 68
21 70
21 71
21 72
21 73
21 74
21 75
21 76
21 78
21 80
21 81
21 84
21 85
21 87
21 94
21 95
21 96
21 97
22 23
22 25
22 26
22 27
22 28
22 29
22 31
22 33
22 37
22 38
22 39
22 41
22 43
22 44
22 48
22 49
22 51
22 52
22 53
22 54
22 57
22 58
22 60
22 61
22 64
22 65
22 66
22 68
22 69
22 70
22 71
22 72
22 74
22 75
22 77
22 78
22 79
22 80
22 81
22 83
22 89
22 90
22 92
22 93
22 94
22 95
22 96
22 98
23 26
23 27
23 29
23 30
23 33
23 34
23 38
23 40
23 45
23 46
23 47
23 48
23 49
23 50
23 53
23 54
23 55
23 57
23 60
23 62
23 63
23 65
23 66
23 68
23 69
23 73
23 74
23 83
23 85
23 88
23 89
23 90
23 91
23 92
23 93
23 94
23 97
24 25
24 27
24 28
24 32
24 33
24 40
24 42
24 45
24 47
24 48
24 52
24 55
24 58
24 61
24 63
24 64
24 66
24 67
24 68
24 70
24 74
24 75
24 77
24 78
24 80
24 81
24 82
24 83
24 84
24 87
24 88
24 90
24 91
24 94
24 95
24 96
24 98
25 27
25 28
25 31
25 35
25 36
25 37
25 38
25 39
25 41
25 42
25 46
25 47
25 48
25 53
25 55
25 58
25 59
25 60
25 63
25 65
25 66
25 67
25 68
25 69
25 71
25 72
25 74
25 85
25 86
25 87
25 88
25 90
25 92
25 94
25 95
25 97
25 99
26 28
26 29
26 30
26 32
26 36
26 38
26 39
26 41
26 43
26 45
26 46
26 47
26 48
26 50
26 51
26 52
26 53
26 54
26 55
26 57
26 58
26 59
26 60
26 62
26 65
26 66
26 67
26 70
26 73
26 77
26 78
26 81
26 82
26 85
26 86
26 87
26 90
26 91
26 92
26 93
26 94
26 95
26 97
26 98
26 99
27 28
27 30
27 31
27 33
27 34
27 35
27 36
27 37
27 41
27 42
27 43
27 46
27 47
27 49
27 51
27 52
27 54
27 55
27 57
27 59
27 60
27 61
27 62
27 63
27 66
27 75
27 76
27 77
27 78
27 79
27 81
27 83
27 84
27 85
27 87
27 88
27 89
27 90
27 91
27 92
27 94
28 30
28 31
28 32
28 34
28 38
28 40
28 41
28 42
28 43
28 46
28 49
28 50
28 52
28 54
28 55
28 56
28 57
28 58
28 61
28 62
28 64
28 65
28 66
28 67
28 68
28 70
28 74
28 75
28 76
28 77
28 80
28 84
28 87
28 88
28 95
29 30
29 32
29 33
29 34
29 35
29 37
29 38
29 40
29 41
29 43
29 45
29 46
29 47
29 50
29 53
29 57
29 58
29 60
29 62
29 63
29 64
29 65
29 67
29 71
29 73
29 78
29 79
29 81
29 82
29 83
29 84
29 85
29 86
29 88
29 91
29 92
29 93
29 95
29 96
29 99
30 31
30 33
30 36
30 38
30 39
30 41
30 43
30 45
30 47
30 49
30 50
30 53
30 55
30 56
30 58
30 59
30 61
30 64
30 66
30 67
30 68
30 69
30 70
30 71
30 72
30 75
30 76
30 77
30 82
30 83
30 84
30 86
30 89
30 92
30 94
30 95
30 96
30 97
30 99
31 34
31 39
31 40
31 42
31 44
31 45
31 46
31 48
31 50
31 52
31 53
31 54
31 55
31 56
31 57
31 62
31 63
31 68
31 70
31 71
31 73
31 75
31 77
31 78
31 79
31 80
31 82
31 84
31 85
31 88
31 89
31 92
31 93
31 95
31 96
31 97
31 98
32 33
32 34
32 36
32 45
32 47
32 49
32 51
32 52
32 53
32 54
32 55
32 56
32 57
32 58
32 60
32 63
32 73
32 74
32 75
32 77
32 78
32 79
32 81
32 82
32 83
32 87
32 89
32 90
32 91
32 93
32 96
32 98
33 34
33 36
33 37
33 38
33 40
33 41
33 42
33 43
33 46
33 47
33 49
33 54
33 58
33 61
33 62
33 64
33 65
33 67
33 69
33 70
33 71
33 72
33 73
33 75
33 76
33 79
33 81
33 82
33 86
33 87
33 88
33 92
33 95
33 96
34 35
34 38
34 39
34 41
34 44
34 45
34 48
34 49
34 52
34 53
34 54
34 56
34 61
34 62
34 66
34 67
34 68
34 70
34 71
34 72
34 73
34 77
34 78
34 80
34 81
34 82
34 85
34 87
34 88
34 89
34 90
34 93
34 94
34 95
34 97
34 98
34 99
35 36
35 37
35 40
35 41
35 46
35 47
35 48
35 52
35 53
35 54
35 56
35 58
35 61
35 65
35 67
35 69
35 73
35 76
35 77
35 81
35 82
35 83
35 86
35 87
35 90
35 96
35 97
36 38
36 39
36 40
36 41
36 43
36 44
36 45
36 49
36 50
36 51
36 52
36 53
36 54
36 56
36 57
36 58
36 59
36 60
36 63
36 71
36 76
36 78
36 80
36 81
36 84
36 85
36 87
36 88
36 91
36 94
36 95
36 96
36 98
36 99
37 38
37 39
37 42
37 43
37 46
37 51
37 52
37 54
37 59
37 60
37 61
37 63
37 64
37 65
37 68
37 69
37 70
37 71
37 73
37 74
37 75
37 76
37 81
37 83
37 87
37 88
37 91
37 94
37 95
37 96
37 97
37 98
37 99
38 39
38 41
38 43
38 44
38 45
38 48
38 50
38 51
38 52
38 53
38 57
38 60
38 61
38 62
38 68
38 69
38 70
38 71
38 73
38 74
38 75
38 79
38 81
38 82
38 83
38 85
38 88
38 89
38 90
38 91
38 93
38 95
38 96
38 98
39 40
39 41
39 43
39 46
39 47
39 48
39 49
39 51
39 53
39 54
39 55
39 58
39 60
39 62
39 64
39 65
39 69
39 74
39 76
39 78
39 80
39 82
39 83
39 85
39 88
39 91
39 93
39 95
39 98
39 99
40 42
40 43
40 47
40 48
40 50
40 52
40 53
40 56
40 59
40 61
40 63
40 64
40 65
40 66
40 67
40 71
40 73
40 76
40 77
40 79
40 84
40 85
40 86
40 87
40 89
40 90
40 91
40 92
40 93
40 96
40 98
41 45
41 46
41 50
41 51
41 53
41 55
41 58
41 59
41 60
41 61
41 63
41 67
41 69
41 70
41 71
41 73
41 74
41 76
41 78
41 79
41 80
41 81
41 87
41 88
41 89
41 91
41 96
41 97
41 98
42 45
42 47
42 49
42 54
42 55
42 58
42 59
42 62
42 67
42 69
42 71
42 77
42 78
42 81
42 82
42 84
42 86
42 87
42 88
42 89
42 90
42 91
42 96
42 97
42 99
43 45
43 48
43 49
43 50
43 54
43 56
43 57
43 59
43 63
43 66
43 70
43 71
43 72
43 76
43 77
43 81
43 82
43 83
43 84
43 86
43 89
43 90
43 93
43 95
43 96
43 99
44 45
44 47
44 48
44 49
44 52
44 55
44 56
44 59
44 63
44 64
44 68
44 69
44 71
44 72
44 73
44 76
44 77
44 78
44 80
44 83
44 84
44 85
44 87
44 89
44 92
44 95
44 96
45 47
45 49
45 50
45 52
45 53
45 57
45 58
45 59
45 60
45 61
45 65
45 66
45 67
45 68
45 70
45 72
45 73
45 74
45 78
45 79
45 80
45 81
45 86
45 87
45 91
45 93
45 94
45 99
46 47
46 48
46 51
46 52
46 53
46 54
46 55
46 59
46 60
46 63
46 64
46 65
46 67
46 68
46 72
46 74
46 76
46 77
46 78
46 79
46 81
46 89
46 91
46 93
46 94
46 96
46 97
46 99
47 52
47 53
47 54
47 57
47 58
47 62
47 64
47 65
47 70
47 72
47 74
47 76
47 79
47 82
47 88
47 89
47 90
47 91
47 93
47 96
47 97
47 98
47 99
48 49
48 50
48 52
48 53
48 54
48 55
48 57
48 59
48 63
48 64
48 66
48 67
48 68
48 71
48 72
48 74
48 75
48 76
48 78
48 79
48 80
48 83
48 87
48 89
48 90
48 94
48 97
48 98
48 99
49 52
49 54
49 56
49 57
49 58
49 61
49 63
49 65
49 69
49 70
49 74
49 75
49 76
49 77
49 79
49 80
49 83
49 88
49 89
49 90
49 91
49 94
49 95
49 96
49 98
49 99
50 51
50 52
50 54
50 56
50 61
50 62
50 63
50 67
50 68
50 70
50 71
50 77
50 80
50 81
50 84
50 86
50 88
50 90
50 92
50 96
50 98
51 53
51 56
51 57
51 58
51 59
51 60
51 61
51 64
51 65
51 66
51 67
51 69
51 72
51 77
51 80
51 81
51 86
51 87
51 89
51 90
51 93
51 94
51 95
51 96
51 99
52 53
52 54
52 55
52 58
52 60
52 61
52 63
52 65
52 69
52 70
52 71
52 74
52 75
52 77
52 78
52 79
52 80
52 81
52 82
52 84
52 85
52 86
52 87
52 93
52 95
52 97
52 98
52 99
53 54
53 62
53 63
53 69
53 71
53 72
53 75
53 77
53 78
53 81
53 82
53 83
53 84
53 88
53 89
53 91
53 93
53 96
53 98
54 55
54 56
54 57
54 59
54 60
54 68
54 70
54 76
54 77
54 78
54 86
54 91
54 93
54 94
54 97
54 98
55 57
55 59
55 60
55 62
55 63
55 65
55 67
55 70
55 72
55 73
55 74
55 75
55 77
55 82
55 86
55 87
55 90
55 92
55 93
55 94
55 95
55 96
55 97
56 57
56 62
56 63
56 65
56 69
56 71
56 72
56 73
56 74
56 75
56 76
56 78
56 81
56 82
56 83
56 87
56 88
56 89
56 90
56 91
56 93
56 94
56 99
57 59
57 61
57 63
57 64
57 67
57 68
57 69
57 70
57 73
57 74
57 75
57 76
57 79
57 80
57 82
57 83
57 89
57 92
57 93
57 95
57 96
57 99
58 59
58 62
58 64
58 66
58 67
58 68
58 69
58 71
58 73
58 74
58 77
58 81
58 83
58 84
58 85
58 86
58 92
58 99
59 61
59 65
59 66
59 67
59 68
59 69
59 73
59 78
59 81
59 82
59 83
59 84
59 85
59 87
59 88
59 95
59 96
59 99
60 61
60 63
60 67
60 69
60 71
60 75
60 78
60 79
60 81
60 82
60 86
60 89
60 91
60 92
60 93
60 94
60 95
60 96
60 97
60 98
61 64
61 65
61 66
61 69
61 70
61 73
61 74
61 77
61 80
61 82
61 83
61 85
61 90
61 92
61 95
61 96
62 65
62 66
62 67
62 68
62 72
62 73
62 75
62 78
62 80
62 82
62 84
62 86
62 95
62 96
62 98
63 67
63 69
63 70
63 71
63 74
63 79
63 81
63 82
63 84
63 85
63 87
63 88
63 89
63 90
63 91
63 93
63 95
63 96
63 97
63 98
64 66
64 67
64 68
64 70
64 72
64 73
64 75
64 76
64 77
64 82
64 83
64 89
64 90
64 91
64 94
64 96
64 98
65 67
65 69
65 72
65 74
65 78
65 81
65 83
65 86
65 88
65 89
65 90
65 92
65 93
65 94
65 95
65 98
65 99
66 67
66 68
66 69
66 71
66 72
66 73
66 74
66 78
66 80
66 81
66 82
66 83
66 85
66 88
66 91
66 92
66 96
66 98
67 68
67 70
67 72
67 74
67 75
67 78
67 80
67 81
67 84
67 87
67 88
67 91
67 93
67 95
67 96
67 99
68 69
68 70
68 72
68 73
68 74
68 77
68 78
68 81
68 83
68 84
68 85
68 87
68 90
68 92
68 95
68 96
68 99
69 70
69 71
69 72
69 73
69 74
69 75
69 76
69 77
69 78
69 79
69 80
69 83
69 84
69 85
69 86
69 87
69 89
69 93
69 96
69 97
69 98
70 71
70 72
70 73
70 74
70 75
70 76
70 77
70 79
70 82
70 85
70 86
70 88
70 89
70 90
70 91
70 93
70 98
71 73
71 74
71 75
71 77
71 80
71 82
71 83
71 88
71 89
71 90
71 92
71 93
71 94
71 95
71 96
71 98
72 74
72 76
72 81
72 82
72 85
72 87
72 88
72 90
72 91
72 93
72 95
72 96
72 98
72 99
73 74
73 76
73 77
73 78
73 80
73 81
73 82
73 89
73 90
73 92
73 94
73 96
74 77
74 79
74 80
74 81
74 82
74 86
74 88
74 90
74 91
74 92
74 93
74 94
74 96
74 97
74 99
75 78
75 79
75 81
75 82
75 84
75 86
75 87
75 88
75 89
75 90
75 91
75 94
75 96
75 97
76 77
76 78
76 79
76 80
76 83
76 86
76 87
76 88
76 91
76 93
76 96
76 97
76 99
77 80
77 81
77 83
77 85
77 86
77 87
77 89
77 91
77 92
77 93
77 94
77 96
77 97
78 79
78 82
78 83
78 84
78 89
78 90
78 92
78 93
78 95
78 96
79 82
79 83
79 85
79 91
79 98
80 81
80 82
80 83
80 84
80 86
80 88
80 90
80 91
80 92
80 93
80 94
80 96
80 98
80 99
81 82
81 84
81 85
81 89
81 90
81 91
81 92
81 94
81 95
81 97
81 99
82 83
82 85
82 88
82 95
82 97
83 87
83 88
83 89
83 90
83 92
83 97
83 98
83 99
84 86
84 87
84 90
84 92
84 94
84 95
84 96
84 98
85 86
85 88
85 93
85 94
85 95
85 97
85 98
86 87
86 91
86 93
86 95
86 97
87 89
87 90
87 91
87 95
87 96
88 89
88 91
88 96
88 97
89 92
89 96
89 98
89 99
90 93
90 94
90 96
90 97
91 95
91 96
91 97
92 93
92 94
92 98
92 99
93 94
93 96
93 97
93 98
94 96
95 97
95 98
96 97
96 98
96 99
97 99
