100
0 3
0 4
0 6
0 7
0 9
0 11
0 12
0 13
0 14
0 24
0 26
0 28
0 29
0 30
0 35
0 40
0 48
0 50
0 51
0 53
0 55
0 57
0 63
0 66
0 67
0 69
0 71
0 74
0 77
0 82
0 84
0 86
0 91
0 92
0 93
0 94
0 97
0 98
0 99
1 3
1 5
1 6
1 8
1 9
1 10
1 13
1 17
1 18
1 19
1 22
1 23
1 24
1 25
1 28
1 30
1 31
1 32
1 33
1 35
1 36
1 39
1 42
1 43
1 44
1 46
1 48
1 55
1 58
1 60
1 64
1 66
1 67
1 69
1 71
1 76
1 77
1 79
1 80
1 85
1 87
1 88
1 91
1 93
1 94
1 97
1 99
2 5
2 6
2 8
2 9
2 12
2 13
2 14
2 15
2 17
2 18
2 19
2 20
2 21
2 22
2 23
2 25
2 26
2 28
2 34
2 37
2 40
2 42
2 45
2 48
2 50
2 52
2 53
2 54
2 56
2 57
2 60
2 63
2 66
2 67
2 68
2 70
2 72
2 74
2 76
2 77
2 78
2 79
2 83
2 84
2 85
2 86
2 88
2 89
2 92
2 93
2 94
2 97
2 98
2 99
3 5
3 9
3 10
3 11
3 14
3 15
3 16
3 17
3 18
3 19
3 23
3 24
3 26
3 27
3 29
3 30
3 31
3 32
3 33
3 37
3 43
3 46
3 48
3 50
3 51
3 54
3 55
3 58
3 61
3 65
3 68
3 72
3 73
3 75
3 76
3 78
3 82
3 83
3 84
3 86
3 87
3 89
3 90
3 91
3 92
3 93
3 95
3 98
3 99
4 5
4 7
4 9
4 11
4 12
4 13
4 17
4 18
4 19
4 20
4 21
4 25
4 26
4 27
4 28
4 31
4 32
4 37
4 39
4 44
4 46
4 47
4 48
4 53
4 54
4 56
4 58
4 61
4 62
4 63
4 68
4 72
4 73
4 76
4 77
4 78
4 79
4 80
4 81
4 82
4 85
4 86
4 90
4 93
4 95
4 97
4 98
4 99
5 7
5 8
5 10
5 11
5 12
5 13
5 14
5 16
5 17
5 18
5 22
5 23
5 28
5 29
5 31
5 32
5 33
5 34
5 36
5 38
5 39
5 42
5 43
5 47
5 49
5 50
5 51
5 52
5 53
5 56
5 57
5 58
5 60
5 62
5 63
5 65
5 68
5 71
5 73
5 77
5 79
5 80
5 84
5 97
5 98
6 7
6 8
6 12
6 13
6 16
6 17
6 20
6 21
6 22
6 23
6 26
6 27
6 31
6 36
6 37
6 42
6 43
6 46
6 47
6 48
6 50
6 56
6 58
6 64
6 65
6 66
6 69
6 70
6 72
6 73
6 76
6 77
6 78
6 81
6 82
6 85
6 89
6 91
6 92
6 93
6 96
6 99
7 9
7 11
7 13
7 14
7 15
7 17
7 18
7 19
7 20
7 22
7 25
7 26
7 29
7 32
7 33
7 34
7 36
7 37
7 38
7 39
7 41
7 42
7 43
7 47
7 49
7 50
7 51
7 53
7 54
7 55
7 57
7 60
7 61
7 62
7 63
7 64
7 66
7 69
7 70
7 74
7 76
7 77
7 78
7 79
7 80
7 82
7 83
7 88
7 92
7 93
7 94
7 96
7 97
7 99
8 9
8 10
8 11
8 12
8 13
8 14
8 15
8 16
8 17
8 23
8 25
8 26
8 27
8 28
8 29
8 30
8 31
8 32
8 35
8 37
8 41
8 42
8 44
8 53
8 56
8 57
8 60
8 61
8 64
8 65
8 66
8 67
8 72
8 73
8 76
8 79
8 80
8 83
8 86
8 87
8 95
8 97
9 11
9 12
9 13
9 14
9 15
9 17
9 18
9 19
9 20
9 23
9 24
9 25
9 27
9 29
9 30
9 35
9 36
9 37
9 41
9 43
9 47
9 49
9 52
9 53
9 54
9 55
9 56
9 58
9 63
9 64
9 65
9 68
9 71
9 73
9 75
9 76
9 77
9 78
9 79
9 80
9 91
9 92
9 98
10 11
10 12
10 15
10 16
10 17
10 18
10 22
10 23
10 24
10 25
10 27
10 29
10 30
10 32
10 34
10 35
10 37
10 44
10 47
10 48
10 49
10 53
10 54
10 57
10 61
10 63
10 64
10 68
10 72
10 73
10 77
10 78
10 80
10 83
10 84
10 85
10 86
10 87
10 91
10 96
10 97
10 98
11 13
11 14
11 15
11 17
11 18
11 22
11 23
11 27
11 28
11 33
11 37
11 38
11 39
11 40
11 43
11 45
11 46
11 48
11 50
11 51
11 52
11 53
11 54
11 58
11 59
11 60
11 68
11 69
11 71
11 72
11 73
11 77
11 78
11 79
11 80
11 83
11 86
11 88
11 89
11 90
11 91
11 92
11 96
11 98
12 14
12 16
12 17
12 19
12 20
12 22
12 24
12 25
12 26
12 27
12 29
12 30
12 41
12 42
12 46
12 48
12 50
12 51
12 52
12 54
12 58
12 59
12 60
12 63
12 64
12 65
12 66
12 67
12 71
12 75
12 76
12 78
12 79
12 81
12 82
12 84
12 86
12 89
12 90
12 93
12 96
12 97
12 99
13 14
13 15
13 20
13 22
13 23
13 29
13 30
13 35
13 38
13 40
13 41
13 49
13 50
13 51
13 52
13 56
13 59
13 60
13 62
13 64
13 68
13 70
13 72
13 73
13 75
13 79
13 80
13 84
13 87
13 89
13 90
13 92
13 93
13 95
13 96
13 98
13 99
14 16
14 17
14 22
14 23
14 24
14 25
14 27
14 30
14 33
14 37
14 39
14 40
14 43
14 50
14 51
14 52
14 55
14 56
14 57
14 58
14 59
14 61
14 64
14 67
14 68
14 69
14 75
14 76
14 77
14 78
14 79
14 81
14 83
14 85
14 87
14 88
14 90
14 92
14 96
14 98
15 16
15 18
15 22
15 23
15 26
15 29
15 30
15 33
15 34
15 36
15 38
15 39
15 40
15 41
15 42
15 44
15 45
15 49
15 52
15 53
15 56
15 59
15 66
15 69
15 70
15 72
15 73
15 76
15 77
15 79
15 80
15 82
15 84
15 85
15 86
15 87
15 89
15 93
15 94
15 96
15 97
15 98
15 99
16 18
16 21
16 29
16 32
16 34
16 35
16 36
16 37
16 38
16 40
16 41
16 43
16 44
16 45
16 46
16 48
16 50
16 51
16 52
16 53
16 54
16 58
16 61
16 63
16 64
16 65
16 66
16 67
16 72
16 73
16 74
16 79
16 81
16 82
16 84
16 85
16 86
16 87
16 90
16 91
16 92
16 96
16 97
16 98
16 99
17 18
17 19
17 20
17 21
17 22
17 23
17 26
17 27
17 33
17 36
17 41
17 44
17 46
17 51
17 52
17 53
17 56
17 57
17 58
17 59
17 61
17 62
17 63
17 66
17 67
17 69
17 72
17 76
17 80
17 81
17 82
17 84
17 85
17 86
17 88
17 93
17 96
17 98
18 19
18 20
18 27
18 28
18 30
18 32
18 37
18 38
18 39
18 40
18 41
18 42
18 43
18 44
18 47
18 50
18 51
18 52
18 53
18 54
18 55
18 56
18 60
18 64
18 68
18 72
18 73
18 74
18 75
18 78
18 83
18 85
18 86
18 89
18 91
18 94
18 96
18 97
18 98
18 99
19 21
19 22
19 24
19 26
19 27
19 29
19 30
19 31
19 32
19 33
19 34
19 40
19 41
19 43
19 44
19 46
19 49
19 62
19 63
19 65
19 66
19 67
19 68
19 70
19 71
19 76
19 77
19 79
19 81
19 83
19 86
19 88
19 89
19 94
19 95
19 97
20 21
20 24
20 26
20 27
20 28
20 32
20 33
20 34
20 44
20 46
20 51
20 52
20 53
20 55
20 56
20 57
20 64
20 65
20 68
20 69
20 72
20 73
20 74
20 75
20 77
20 84
20 85
20 86
20 87
20 88
20 90
20 91
20 92
20 93
20 94
20 95
20 97
21 22
21 23
21 29
21 31
21 36
21 39
21 41
21 42
21 43
21 45
21 46
21 47
21 49
21 50
21 52
21 53
21 56
21 57
21 58
21 60
21 64
21 65
21 69
21 71
21 72
21 73
21 74
21 75
21 88
21 91
21 94
21 97
21 98
21 99
22 23
22 25
22 26
22 28
22 30
22 31
22 32
22 37
22 38
22 40
22 42
22 43
22 44
22 52
22 54
22 56
22 57
22 58
22 59
22 60
22 61
22 62
22 63
22 64
22 65
22 68
22 74
22 76
22 79
22 81
22 83
22 84
22 85
22 86
22 87
22 88
22 89
22 90
22 93
22 94
22 95
23 24
23 26
23 27
23 28
23 29
23 30
23 33
23 35
23 36
23 37
23 40
23 41
23 42
23 43
23 45
23 46
23 47
23 48
23 49
23 52
23 53
23 54
23 56
23 57
23 58
23 60
23 62
23 65
23 66
23 68
23 69
23 70
23 73
23 74
23 75
23 77
23 78
23 81
23 82
23 83
23 84
23 89
23 90
23 94
23 95
23 97
23 99
24 26
24 29
24 30
24 35
24 37
24 38
24 39
24 40
24 43
24 45
24 47
24 48
24 49
24 50
24 52
24 54
24 55
24 56
24 57
24 59
24 60
24 62
24 63
24 65
24 68
24 69
24 72
24 75
24 77
24 79
24 80
24 82
24 84
24 86
24 87
24 90
24 92
24 94
24 95
24 97
25 26
25 28
25 29
25 33
25 34
25 35
25 36
25 37
25 39
25 42
25 43
25 46
25 48
25 49
25 50
25 53
25 54
25 56
25 57
25 61
25 62
25 63
25 65
25 69
25 70
25 71
25 72
25 74
25 78
25 81
25 82
25 83
25 85
25 86
25 87
25 88
25 90
25 91
25 92
25 93
25 95
25 96
25 97
25 99
26 28
26 30
26 34
26 36
26 42
26 43
26 45
26 46
26 48
26 49
26 51
26 52
26 54
26 59
26 60
26 61
26 62
26 63
26 66
26 67
26 69
26 70
26 71
26 72
26 73
26 74
26 77
26 81
26 83
26 86
26 92
26 94
26 99
27 28
27 29
27 32
27 33
27 34
27 37
27 38
27 44
27 45
27 47
27 50
27 52
27 54
27 55
27 56
27 60
27 61
27 62
27 64
27 65
27 66
27 70
27 71
27 72
27 73
27 74
27 76
27 78
27 84
27 87
27 90
27 91
27 94
27 96
27 98
27 99
28 30
28 32
28 33
28 35
28 36
28 37
28 38
28 39
28 42
28 45
28 49
28 53
28 55
28 60
28 65
28 66
28 68
28 69
28 71
28 72
28 74
28 77
28 78
28 81
28 83
28 84
28 86
28 87
28 88
28 89
28 91
28 93
28 94
28 97
28 98
28 99
29 30
29 33
29 34
29 37
29 39
29 44
29 45
29 47
29 49
29 55
29 57
29 59
29 61
29 62
29 65
29 66
29 67
29 68
29 70
29 71
29 72
29 73
29 74
29 78
29 79
29 82
29 83
29 86
29 88
29 89
29 92
29 94
29 95
29 96
29 97
29 99
30 32
30 33
30 40
30 41
30 42
30 44
30 45
30 46
30 47
30 49
30 50
30 53
30 55
30 58
30 60
30 63
30 64
30 66
30 67
30 72
30 74
30 75
30 81
30 82
30 83
30 86
30 87
30 89
30 91
30 92
30 96
30 97
30 99
31 34
31 37
31 38
31 39
31 41
31 43
31 47
31 48
31 49
31 50
31 52
31 54
31 55
31 56
31 57
31 60
31 62
31 65
31 67
31 68
31 71
31 72
31 73
31 74
31 75
31 76
31 80
31 81
31 84
31 87
31 88
31 89
31 91
31 93
31 94
31 98
31 99
32 35
32 37
32 38
32 39
32 43
32 45
32 46
32 49
32 50
32 52
32 53
32 58
32 61
32 62
32 63
32 64
32 65
32 66
32 67
32 69
32 74
32 75
32 77
32 78
32 82
32 83
32 84
32 85
32 86
32 89
32 91
32 92
32 93
32 94
32 97
32 98
32 99
33 34
33 37
33 39
33 41
33 42
33 45
33 46
33 47
33 51
33 52
33 53
33 54
33 55
33 57
33 59
33 60
33 61
33 63
33 64
33 66
33 67
33 68
33 70
33 71
33 72
33 74
33 76
33 77
33 79
33 80
33 82
33 85
33 87
33 88
33 91
33 93
33 95
33 96
33 97
33 99
34 38
34 40
34 43
34 44
34 45
34 46
34 49
34 51
34 53
34 55
34 58
34 65
34 70
34 71
34 73
34 75
34 76
34 77
34 78
34 80
34 81
34 84
34 86
34 87
34 88
34 89
34 90
34 91
34 92
34 97
34 98
35 36
35 38
35 39
35 46
35 48
35 49
35 53
35 54
35 55
35 56
35 59
35 60
35 61
35 62
35 65
35 69
35 71
35 79
35 85
35 86
35 89
35 90
35 91
35 92
35 93
35 98
35 99
36 39
36 40
36 43
36 44
36 45
36 52
36 54
36 57
36 60
36 61
36 62
36 67
36 71
36 72
36 77
36 81
36 84
36 87
36 88
36 89
36 92
36 93
36 94
36 95
36 98
36 99
37 43
37 44
37 46
37 48
37 52
37 56
37 57
37 58
37 59
37 60
37 61
37 62
37 63
37 64
37 68
37 70
37 71
37 73
37 79
37 80
37 82
37 83
37 84
37 85
37 86
37 87
37 90
37 91
37 93
37 97
37 98
38 40
38 41
38 43
38 44
38 46
38 47
38 48
38 50
38 51
38 53
38 55
38 57
38 58
38 59
38 61
38 62
38 63
38 65
38 67
38 68
38 69
38 72
38 74
38 75
38 76
38 78
38 79
38 82
38 83
38 84
38 85
38 87
38 88
38 89
38 91
38 92
38 94
38 95
38 97
39 40
39 41
39 44
39 46
39 48
39 50
39 52
39 53
39 54
39 56
39 58
39 59
39 60
39 61
39 62
39 64
39 65
39 66
39 67
39 73
39 74
39 75
39 79
39 82
39 83
39 84
39 85
39 86
39 88
39 90
39 91
39 92
39 93
39 94
39 95
39 97
40 41
40 43
40 45
40 48
40 51
40 53
40 59
40 60
40 61
40 64
40 65
40 70
40 71
40 72
40 73
40 74
40 76
40 77
40 78
40 81
40 82
40 84
40 85
40 87
40 89
40 93
40 94
40 95
40 98
41 42
41 43
41 45
41 46
41 47
41 50
41 56
41 58
41 59
41 60
41 62
41 64
41 65
41 67
41 68
41 70
41 72
41 73
41 78
41 80
41 82
41 83
41 88
41 90
41 94
41 97
41 98
42 45
42 47
42 51
42 53
42 54
42 55
42 56
42 57
42 58
42 59
42 60
42 61
42 62
42 64
42 65
42 66
42 68
42 69
42 72
42 76
42 77
42 79
42 80
42 84
42 90
42 93
42 99
43 46
43 47
43 49
43 50
43 51
43 53
43 59
43 60
43 65
43 66
43 68
43 69
43 70
43 71
43 74
43 75
43 76
43 77
43 79
43 84
43 86
43 90
43 95
43 96
43 99
44 47
44 48
44 49
44 50
44 52
44 54
44 59
44 62
44 64
44 66
44 67
44 68
44 70
44 71
44 72
44 76
44 77
44 79
44 80
44 81
44 82
44 84
44 85
44 86
44 87
44 90
44 94
44 96
44 97
44 98
44 99
45 48
45 49
45 50
45 52
45 53
45 55
45 56
45 58
45 61
45 63
45 66
45 67
45 69
45 72
45 75
45 77
45 79
45 81
45 82
45 85
45 86
45 88
45 89
45 91
45 97
45 99
46 47
46 51
46 52
46 53
46 54
46 55
46 58
46 61
46 62
46 63
46 68
46 69
46 70
46 72
46 73
46 75
46 78
46 79
46 80
46 81
46 83
46 87
46 89
46 91
46 93
46 98
46 99
47 48
47 51
47 53
47 54
47 57
47 59
47 60
47 62
47 63
47 64
47 65
47 66
47 68
47 70
47 71
47 74
47 75
47 78
47 80
47 81
47 83
47 84
47 85
47 86
47 87
47 88
47 89
47 92
47 94
47 97
47 99
48 51
48 54
48 56
48 58
48 59
48 60
48 63
48 64
48 65
48 71
48 75
48 76
48 77
48 80
48 83
48 85
48 88
48 89
48 90
48 91
48 93
48 94
48 97
48 98
49 51
49 52
49 53
49 54
49 55
49 56
49 59
49 61
49 65
49 66
49 68
49 72
49 73
49 74
49 80
49 82
49 83
49 90
49 91
49 92
49 94
49 95
49 96
49 97
50 51
50 52
50 53
50 59
50 61
50 62
50 65
50 66
50 67
50 73
50 74
50 75
50 77
50 82
50 83
50 84
50 85
50 89
50 90
50 93
50 95
50 96
50 97
50 98
51 52
51 53
51 54
51 55
51 56
51 57
51 59
51 60
51 63
51 65
51 66
51 70
51 75
51 76
51 81
51 84
51 85
51 86
51 87
51 89
51 91
51 92
51 93
51 96
51 97
51 98
52 54
52 55
52 56
52 60
52 61
52 62
52 65
52 71
52 75
52 76
52 77
52 79
52 85
52 86
52 90
52 92
52 95
52 96
52 97
52 98
52 99
53 54
53 55
53 56
53 57
53 58
53 59
53 60
53 61
53 63
53 66
53 68
53 73
53 76
53 81
53 84
53 85
53 87
53 90
53 94
53 97
53 98
54 55
54 56
54 57
54 58
54 60
54 62
54 63
54 65
54 66
54 69
54 70
54 71
54 72
54 73
54 74
54 75
54 77
54 78
54 80
54 81
54 84
54 90
54 91
54 93
54 95
54 96
54 98
55 57
55 58
55 59
55 61
55 62
55 63
55 67
55 73
55 75
55 77
55 80
55 81
55 82
55 84
55 86
55 89
55 90
55 91
55 92
55 94
55 95
55 98
55 99
56 60
56 61
56 62
56 65
56 66
56 67
56 69
56 72
56 74
56 76
56 77
56 78
56 79
56 81
56 82
56 83
56 86
56 92
56 93
56 94
56 95
56 96
56 98
56 99
57 59
57 60
57 62
57 63
57 64
57 65
57 67
57 68
57 70
57 71
57 73
57 74
57 76
57 78
57 80
57 83
57 89
57 90
57 91
57 92
57 94
57 97
57 99
58 62
58 68
58 70
58 73
58 76
58 77
58 78
58 84
58 87
58 88
58 90
58 92
58 96
58 97
59 60
59 66
59 67
59 68
59 69
59 70
59 71
59 79
59 80
59 81
59 85
59 87
59 90
59 91
59 92
59 94
60 61
60 63
60 65
60 67
60 69
60 71
60 72
60 73
60 74
60 76
60 77
60 78
60 79
60 80
60 81
60 84
60 85
60 87
60 89
60 90
60 92
60 94
60 96
60 99
61 66
61 68
61 70
61 71
61 72
61 73
61 75
61 77
61 78
61 82
61 83
61 85
61 86
61 88
61 90
61 91
61 94
61 95
61 96
61 97
61 98
62 63
62 64
62 66
62 67
62 68
62 69
62 72
62 73
62 75
62 77
62 78
62 80
62 84
62 89
62 90
62 91
62 92
62 93
62 96
62 97
62 98
62 99
63 64
63 66
63 68
63 70
63 73
63 75
63 76
63 78
63 79
63 81
63 82
63 85
63 86
63 89
63 90
63 93
63 95
63 96
63 98
63 99
64 65
64 66
64 67
64 68
64 69
64 70
64 75
64 77
64 80
64 81
64 84
64 87
64 88
64 89
64 90
64 93
64 96
64 98
65 66
65 67
65 70
65 71
65 73
65 76
65 80
65 81
65 83
65 84
65 85
65 87
65 91
65 92
65 95
65 97
65 99
66 68
66 70
66 71
66 73
66 74
66 76
66 77
66 86
66 88
66 96
66 97
67 68
67 71
67 73
67 74
67 75
67 76
67 77
67 79
67 81
67 82
67 83
67 86
67 87
67 92
67 94
67 95
67 99
68 71
68 72
68 73
68 74
68 82
68 85
68 86
68 87
68 90
68 91
68 93
68 94
68 95
68 96
68 97
68 98
68 99
69 71
69 72
69 76
69 77
69 79
69 86
69 87
69 88
69 89
69 90
69 92
69 93
69 95
69 96
69 97
69 99
70 76
70 77
70 78
70 80
70 84
70 85
70 86
70 89
70 90
70 93
70 94
70 95
70 97
70 98
71 76
71 77
71 78
71 80
71 81
71 82
71 83
71 86
71 87
71 88
71 89
71 91
71 95
71 96
71 97
72 73
72 74
72 76
72 77
72 80
72 82
72 83
72 85
72 86
72 90
72 91
72 92
72 93
72 94
72 96
72 97
72 98
73 81
73 85
73 86
73 90
73 91
73 92
73 95
73 96
73 99
74 75
74 78
74 83
74 84
74 89
74 92
74 94
74 97
74 98
75 80
75 82
75 84
75 88
75 91
75 92
75 93
75 95
75 96
75 97
75 98
76 79
76 80
76 81
76 83
76 86
76 87
76 90
76 92
76 98
76 99
77 78
77 81
77 84
77 85
77 86
77 87
77 89
77 91
77 92
77 93
77 94
77 95
77 97
78 79
78 80
78 81
78 82
78 83
78 87
78 90
78 91
78 92
78 94
78 95
78 96
78 99
79 81
79 85
79 86
79 88
79 89
79 91
79 92
79 94
79 96
79 97
79 98
80 82
80 83
80 84
80 85
80 86
80 87
80 88
80 89
80 91
80 92
80 96
80 99
81 87
81 88
81 93
81 95
81 97
81 98
81 99
82 84
82 85
82 86
82 89
82 96
82 97
83 84
83 85
83 91
83 92
83 93
83 96
83 98
84 86
84 87
84 88
84 93
84 95
84 97
85 87
85 89
85 92
85 94
85 95
85 96
85 99
86 88
86 89
86 90
86 92
86 94
86 97
87 93
87 94
87 98
87 99
88 90
88 91
88 95
88 96
88 98
88 99
89 91
89 92
89 93
89 95
89 98
89 99
90 94
90 97
90 98
90 99
91 93
91 94
91 95
91 96
91 97
91 99
92 95
92 96
92 97
92 99
93 94
93 96
93 98
94 95
94 98
94 99
95 97
95 98
96 97
97 98
97 99
98 99
