100
0 5
0 6
0 12
0 15
0 29
0 34
0 37
0 39
0 40
0 41
0 48
0 52
0 62
0 66
0 67
0 77
0 79
0 82
0 83
0 86
0 93
0 94
0 95
0 98
0 99
1 4
1 5
1 7
1 9
1 11
1 14
1 22
1 28
1 33
1 34
1 37
1 38
1 47
1 49
1 54
1 56
1 57
1 62
1 67
1 70
1 71
1 87
1 88
1 92
2 3
2 4
2 12
2 14
2 26
2 27
2 28
2 29
2 33
2 35
2 39
2 43
2 50
2 52
2 57
2 60
2 62
2 63
2 65
2 68
2 73
2 78
2 84
2 86
2 95
2 96
2 97
2 99
3 7
3 8
3 9
3 13
3 15
3 21
3 23
3 24
3 25
3 33
3 35
3 38
3 40
3 44
3 45
3 46
3 48
3 51
3 56
3 57
3 62
3 69
3 71
3 72
3 73
3 77
3 83
3 84
3 97
4 6
4 13
4 14
4 18
4 19
4 20
4 22
4 23
4 30
4 32
4 36
4 38
4 41
4 44
4 45
4 51
4 57
4 59
4 61
4 71
4 73
4 76
4 80
4 81
4 87
4 89
4 99
5 6
5 7
5 8
5 13
5 14
5 17
5 32
5 33
5 34
5 37
5 39
5 42
5 43
5 48
5 50
5 51
5 53
5 61
5 65
5 67
5 68
5 69
5 71
5 73
5 74
5 76
5 77
5 84
5 86
5 88
5 89
5 90
5 91
5 92
5 93
5 94
5 96
6 10
6 20
6 22
6 23
6 30
6 35
6 37
6 41
6 44
6 49
6 50
6 55
6 57
6 59
6 63
6 64
6 65
6 66
6 71
6 79
6 83
6 86
6 87
6 92
7 12
7 18
7 20
7 25
7 29
7 35
7 39
7 42
7 45
7 46
7 49
7 55
7 59
7 60
7 61
7 62
7 68
7 69
7 71
7 75
7 80
7 85
7 86
7 94
7 95
7 97
8 9
8 10
8 14
8 15
8 19
8 29
8 30
8 34
8 38
8 39
8 44
8 54
8 57
8 58
8 63
8 65
8 66
8 68
8 73
8 78
8 79
8 88
9 11
9 19
9 20
9 23
9 30
9 31
9 37
9 43
9 51
9 58
9 59
9 63
9 65
9 66
9 70
9 74
9 79
9 82
9 84
9 86
9 87
9 89
9 91
9 96
9 97
9 98
9 99
10 11
10 22
10 26
10 31
10 33
10 34
10 37
10 39
10 41
10 43
10 49
10 52
10 57
10 60
10 61
10 64
10 65
10 70
10 73
10 74
10 82
10 88
10 92
10 95
10 96
11 14
11 17
11 18
11 24
11 30
11 31
11 35
11 36
11 42
11 44
11 47
11 48
11 51
11 52
11 56
11 59
11 60
11 67
11 68
11 71
11 76
11 77
11 80
11 81
11 83
11 85
11 86
11 94
12 16
12 19
12 21
12 25
12 31
12 38
12 42
12 44
12 58
12 59
12 60
12 64
12 67
12 68
12 70
12 71
12 74
12 77
12 78
12 79
12 87
12 89
12 91
12 93
12 98
13 26
13 28
13 37
13 38
13 40
13 44
13 46
13 55
13 57
13 59
13 60
13 61
13 62
13 64
13 65
13 71
13 74
13 78
13 79
13 86
13 92
13 93
13 95
13 96
14 17
14 20
14 22
14 26
14 28
14 31
14 32
14 34
14 35
14 37
14 40
14 41
14 46
14 57
14 58
14 61
14 63
14 64
14 65
14 68
14 75
14 76
14 82
14 95
15 16
15 18
15 20
15 26
15 32
15 34
15 37
15 48
15 50
15 52
15 54
15 55
15 57
15 59
15 62
15 68
15 69
15 71
15 72
15 73
15 81
15 89
15 92
15 94
15 96
16 20
16 21
16 24
16 30
16 33
16 38
16 40
16 42
16 44
16 47
16 48
16 54
16 61
16 65
16 68
16 71
16 73
16 76
16 82
16 98
17 21
17 24
17 26
17 27
17 30
17 32
17 33
17 44
17 45
17 47
17 49
17 52
17 54
17 64
17 66
17 67
17 76
17 81
17 83
17 88
17 90
18 25
18 26
18 28
18 33
18 40
18 41
18 44
18 47
18 54
18 72
18 77
18 81
18 85
18 94
18 98
18 99
19 23
19 24
19 27
19 28
19 31
19 34
19 35
19 39
19 42
19 43
19 47
19 56
19 57
19 58
19 60
19 68
19 72
19 78
19 79
19 84
19 93
19 98
20 21
20 27
20 38
20 48
20 49
20 50
20 52
20 54
20 56
20 58
20 67
20 76
20 77
20 85
20 99
21 23
21 28
21 29
21 31
21 35
21 38
21 40
21 41
21 46
21 47
21 48
21 53
21 56
21 58
21 60
21 61
21 63
21 68
21 70
21 72
21 75
21 88
21 92
21 97
21 99
22 26
22 27
22 28
22 30
22 32
22 40
22 45
22 47
22 52
22 54
22 56
22 57
22 66
22 78
22 97
22 98
23 27
23 30
23 42
23 46
23 49
23 50
23 51
23 53
23 57
23 59
23 60
23 62
23 63
23 68
23 73
23 76
23 78
23 88
23 96
23 97
24 39
24 42
24 45
24 46
24 48
24 59
24 61
24 67
24 68
24 69
24 70
24 74
24 76
24 77
24 79
24 81
24 87
24 90
24 94
24 95
25 26
25 27
25 28
25 29
25 34
25 36
25 45
25 49
25 51
25 58
25 63
25 65
25 66
25 67
25 70
25 84
25 86
25 87
25 88
25 89
25 90
25 91
25 92
25 95
25 99
26 30
26 31
26 38
26 44
26 55
26 56
26 58
26 59
26 63
26 65
26 66
26 70
26 73
26 79
26 82
26 91
26 92
26 98
27 30
27 37
27 39
27 40
27 53
27 54
27 60
27 80
27 86
27 90
27 93
27 94
28 34
28 36
28 40
28 53
28 59
28 61
28 62
28 65
28 68
28 71
28 74
28 88
28 89
28 91
29 34
29 35
29 51
29 53
29 61
29 65
29 70
29 76
29 78
29 81
29 83
29 89
29 90
29 93
29 94
29 97
30 33
30 40
30 41
30 45
30 46
30 53
30 56
30 58
30 59
30 60
30 62
30 71
30 78
30 86
30 88
30 93
30 94
30 98
31 33
31 39
31 40
31 44
31 47
31 55
31 57
31 69
31 72
31 73
31 79
31 83
31 84
31 85
31 94
31 99
32 41
32 46
32 50
32 53
32 56
32 57
32 62
32 63
32 67
32 68
32 81
32 84
32 92
32 95
32 97
32 98
33 34
33 35
33 39
33 40
33 53
33 55
33 60
33 64
33 66
33 68
33 72
33 81
33 85
33 87
33 90
33 93
33 96
34 36
34 48
34 49
34 57
34 60
34 61
34 65
34 73
34 75
34 80
34 84
34 86
34 87
34 88
34 91
34 95
34 96
35 38
35 42
35 43
35 44
35 45
35 51
35 52
35 61
35 62
35 67
35 72
35 78
35 83
35 84
35 88
35 91
35 93
35 94
35 98
35 99
36 41
36 42
36 46
36 50
36 51
36 62
36 63
36 74
36 84
36 87
36 89
36 91
37 38
37 41
37 43
37 46
37 48
37 54
37 55
37 57
37 58
37 61
37 63
37 65
37 70
37 74
37 82
37 84
37 89
37 93
37 95
37 98
38 46
38 51
38 59
38 60
38 68
38 70
38 75
38 79
38 80
38 81
38 83
38 84
38 87
38 93
39 43
39 44
39 45
39 49
39 51
39 53
39 59
39 65
39 66
39 67
39 71
39 78
39 82
39 85
39 92
39 93
39 97
39 98
40 45
40 51
40 53
40 54
40 65
40 67
40 79
40 80
40 81
40 89
40 90
40 96
41 43
41 63
41 66
41 71
41 80
41 85
41 86
41 88
41 99
42 43
42 53
42 54
42 56
42 59
42 63
42 64
42 66
42 67
42 69
42 72
42 79
42 81
42 84
42 96
43 48
43 50
43 51
43 53
43 56
43 57
43 60
43 67
43 70
43 71
43 73
43 74
43 75
43 79
43 81
43 90
43 92
43 93
43 99
44 45
44 56
44 64
44 69
44 71
44 74
44 77
44 81
44 87
44 88
44 93
44 94
45 49
45 50
45 55
45 58
45 62
45 63
45 69
45 72
45 75
45 80
45 81
45 90
45 91
45 92
46 47
46 49
46 51
46 52
46 53
46 57
46 58
46 67
46 69
46 75
46 78
46 82
46 86
46 88
46 91
46 96
46 99
47 52
47 57
47 59
47 61
47 64
47 71
47 82
47 90
47 91
47 95
47 98
48 58
48 61
48 62
48 64
48 65
48 66
48 73
48 79
48 82
48 84
48 89
49 55
49 65
49 68
49 71
49 73
49 79
49 80
49 81
49 86
49 88
49 89
49 90
49 92
49 93
49 95
50 51
50 65
50 68
50 71
50 76
50 85
50 87
50 93
50 97
50 99
51 54
51 55
51 56
51 58
51 66
51 68
51 69
51 75
51 78
51 80
51 81
51 83
51 94
52 55
52 58
52 63
52 68
52 69
52 70
52 75
52 78
52 79
52 87
52 90
53 58
53 62
53 73
53 75
53 76
53 81
53 92
53 94
53 98
53 99
54 56
54 57
54 66
54 67
54 68
54 75
54 79
54 80
54 81
54 86
54 87
54 93
54 95
54 97
54 99
55 57
55 61
55 63
55 74
55 77
55 80
55 88
55 93
56 57
56 61
56 67
56 70
56 71
56 78
56 82
56 83
56 85
56 91
56 96
56 97
57 74
57 75
57 78
57 80
57 86
57 89
57 96
57 97
58 59
58 62
58 73
58 77
58 88
58 92
58 95
59 60
59 73
59 82
59 84
59 88
59 92
60 62
60 63
60 66
60 74
60 80
60 86
60 89
60 94
60 97
60 98
60 99
61 63
61 64
61 66
61 74
61 75
61 82
61 85
61 87
61 90
61 95
61 98
62 64
62 67
62 73
62 79
62 88
62 89
62 93
62 95
62 98
62 99
63 70
63 75
63 81
63 82
63 97
63 98
64 66
64 67
64 69
64 79
64 88
64 91
64 94
64 97
64 98
64 99
65 68
65 72
65 75
65 77
65 80
65 82
65 88
65 92
65 94
65 95
65 97
65 99
66 67
66 78
66 81
66 84
66 85
66 89
66 99
67 81
67 90
67 95
67 99
68 75
68 88
68 96
68 98
68 99
69 71
69 90
69 93
70 72
70 76
70 79
70 84
70 89
70 90
70 91
70 92
70 97
70 98
71 77
71 78
71 85
71 86
71 88
71 96
72 80
72 82
72 84
72 88
72 94
72 97
72 99
73 78
73 86
73 90
73 93
73 98
74 82
74 83
74 87
74 88
74 92
74 93
74 95
74 98
75 77
75 83
75 85
75 90
75 92
76 80
76 81
76 83
76 84
76 86
76 89
76 91
76 94
76 98
77 80
77 81
77 87
77 88
77 96
77 99
78 83
78 84
78 85
78 88
78 90
78 91
78 93
78 98
79 81
79 82
79 83
79 91
79 94
79 95
79 96
79 97
79 98
80 87
80 90
81 88
81 96
82 87
82 97
83 86
83 90
83 93
84 85
84 91
84 95
84 97
84 98
85 93
85 94
85 95
85 96
86 87
86 88
86 90
86 92
86 96
86 97
87 93
87 98
88 96
89 96
89 97
89 98
90 92
90 98
92 93
92 96
93 94
93 96
95 98
96 99
97 98
98 99
