200
0 1
0 2
0 3
0 6
0 8
0 10
0 17
0 18
0 21
0 22
0 23
0 26
0 27
0 28
0 32
0 35
0 36
0 38
0 39
0 40
0 41
0 44
0 45
0 50
0 51
0 53
0 54
0 56
0 59
0 60
0 61
0 62
0 63
0 64
0 65
0 70
0 72
0 74
0 75
0 77
0 80
0 81
0 82
0 84
0 86
0 90
0 93
0 95
0 96
0 97
0 101
0 105
0 106
0 109
0 110
0 113
0 114
0 117
0 118
0 119
0 125
0 128
0 129
0 131
0 132
0 138
0 139
0 141
0 147
0 148
0 149
0 151
0 153
0 156
0 157
0 158
0 159
0 162
0 163
0 165
0 167
0 168
0 171
0 172
0 179
0 181
0 184
0 188
0 190
0 191
0 192
0 194
0 196
0 197
0 198
0 199
1 3
1 5
1 7
1 11
1 13
1 14
1 15
1 16
1 21
1 23
1 24
1 25
1 29
1 30
1 31
1 32
1 33
1 35
1 36
1 37
1 38
1 40
1 41
1 43
1 44
1 45
1 47
1 48
1 49
1 50
1 51
1 53
1 55
1 56
1 57
1 60
1 61
1 63
1 64
1 66
1 67
1 68
1 69
1 72
1 74
1 77
1 79
1 81
1 83
1 84
1 85
1 86
1 89
1 91
1 93
1 94
1 96
1 98
1 103
1 104
1 105
1 107
1 109
1 110
1 111
1 112
1 113
1 114
1 115
1 116
1 117
1 118
1 119
1 120
1 122
1 124
1 125
1 127
1 128
1 129
1 130
1 132
1 133
1 138
1 141
1 144
1 146
1 148
1 153
1 155
1 156
1 157
1 158
1 159
1 160
1 162
1 164
1 165
1 167
1 171
1 175
1 176
1 177
1 178
1 180
1 189
1 191
1 194
1 195
1 196
1 198
2 3
2 4
2 5
2 6
2 7
2 12
2 13
2 14
2 15
2 22
2 23
2 26
2 27
2 33
2 34
2 36
2 37
2 38
2 39
2 44
2 45
2 48
2 50
2 54
2 57
2 58
2 60
2 62
2 64
2 65
2 66
2 67
2 69
2 70
2 72
2 74
2 77
2 80
2 81
2 83
2 84
2 85
2 87
2 89
2 91
2 92
2 93
2 94
2 97
2 99
2 100
2 103
2 104
2 105
2 111
2 112
2 113
2 114
2 115
2 118
2 119
2 120
2 121
2 122
2 125
2 127
2 128
2 130
2 132
2 134
2 136
2 137
2 138
2 140
2 142
2 144
2 147
2 150
2 151
2 152
2 154
2 155
2 156
2 158
2 159
2 160
2 161
2 162
2 167
2 169
2 170
2 175
2 177
2 178
2 179
2 180
2 181
2 183
2 188
2 189
2 190
2 191
2 193
2 195
2 196
2 197
2 198
2 199
3 4
3 6
3 9
3 11
3 13
3 15
3 20
3 21
3 22
3 24
3 25
3 28
3 29
3 30
3 34
3 35
3 40
3 41
3 46
3 48
3 51
3 53
3 54
3 55
3 56
3 59
3 60
3 61
3 63
3 64
3 66
3 68
3 69
3 70
3 73
3 75
3 77
3 78
3 79
3 80
3 82
3 83
3 84
3 87
3 88
3 93
3 94
3 96
3 97
3 98
3 99
3 101
3 104
3 105
3 107
3 108
3 109
3 110
3 111
3 112
3 113
3 115
3 117
3 118
3 119
3 121
3 123
3 125
3 126
3 129
3 133
3 139
3 140
3 142
3 143
3 145
3 146
3 150
3 151
3 153
3 154
3 155
3 156
3 160
3 161
3 162
3 167
3 168
3 169
3 170
3 172
3 173
3 174
3 176
3 177
3 182
3 183
3 184
3 185
3 188
3 191
3 192
3 193
3 194
3 196
3 198
4 6
4 7
4 10
4 14
4 17
4 20
4 21
4 22
4 24
4 28
4 34
4 36
4 37
4 39
4 42
4 47
4 48
4 51
4 52
4 54
4 56
4 58
4 59
4 61
4 63
4 64
4 65
4 66
4 69
4 70
4 72
4 74
4 76
4 78
4 79
4 80
4 81
4 85
4 86
4 87
4 88
4 89
4 91
4 92
4 94
4 95
4 96
4 101
4 102
4 103
4 106
4 107
4 109
4 111
4 113
4 118
4 119
4 121
4 122
4 128
4 129
4 130
4 138
4 141
4 142
4 145
4 147
4 149
4 151
4 152
4 154
4 160
4 162
4 163
4 165
4 169
4 173
4 174
4 177
4 179
4 182
4 184
4 185
4 186
4 187
4 188
4 189
4 198
4 199
5 6
5 9
5 10
5 11
5 12
5 15
5 17
5 18
5 21
5 22
5 23
5 25
5 28
5 29
5 31
5 36
5 38
5 40
5 50
5 52
5 53
5 54
5 56
5 57
5 61
5 62
5 63
5 69
5 71
5 77
5 79
5 80
5 81
5 82
5 83
5 85
5 86
5 89
5 91
5 93
5 94
5 95
5 96
5 98
5 99
5 100
5 102
5 104
5 105
5 107
5 108
5 111
5 113
5 115
5 116
5 119
5 121
5 122
5 126
5 127
5 131
5 133
5 134
5 137
5 138
5 139
5 140
5 141
5 144
5 145
5 149
5 150
5 153
5 154
5 155
5 156
5 157
5 161
5 163
5 165
5 166
5 167
5 171
5 172
5 175
5 176
5 178
5 184
5 186
5 188
5 189
5 191
5 192
5 196
5 198
5 199
6 7
6 10
6 13
6 15
6 19
6 20
6 21
6 22
6 24
6 31
6 33
6 34
6 35
6 38
6 40
6 43
6 45
6 48
6 49
6 52
6 53
6 56
6 59
6 61
6 63
6 67
6 71
6 72
6 75
6 79
6 81
6 82
6 88
6 89
6 91
6 93
6 94
6 96
6 97
6 99
6 104
6 106
6 108
6 110
6 112
6 115
6 117
6 119
6 120
6 122
6 123
6 125
6 128
6 129
6 144
6 145
6 147
6 152
6 156
6 168
6 171
6 174
6 176
6 177
6 179
6 181
6 182
6 184
6 185
6 187
6 189
6 191
6 192
6 195
6 196
6 197
6 198
7 9
7 15
7 17
7 18
7 23
7 24
7 29
7 31
7 34
7 35
7 38
7 39
7 42
7 43
7 44
7 45
7 46
7 49
7 50
7 59
7 60
7 61
7 62
7 63
7 64
7 67
7 68
7 69
7 70
7 71
7 72
7 76
7 79
7 80
7 85
7 86
7 87
7 88
7 91
7 93
7 100
7 101
7 102
7 104
7 105
7 106
7 110
7 122
7 125
7 129
7 131
7 132
7 136
7 137
7 144
7 145
7 149
7 150
7 153
7 154
7 155
7 157
7 158
7 159
7 161
7 165
7 170
7 171
7 172
7 174
7 177
7 178
7 182
7 184
7 185
7 186
7 189
7 196
7 197
8 10
8 11
8 12
8 16
8 19
8 21
8 23
8 24
8 25
8 26
8 27
8 31
8 33
8 34
8 39
8 46
8 48
8 49
8 56
8 58
8 59
8 60
8 62
8 65
8 66
8 67
8 70
8 71
8 78
8 80
8 81
8 83
8 84
8 86
8 88
8 91
8 93
8 94
8 96
8 97
8 98
8 99
8 102
8 103
8 105
8 106
8 107
8 108
8 109
8 110
8 111
8 113
8 114
8 116
8 117
8 118
8 119
8 124
8 128
8 129
8 130
8 131
8 137
8 141
8 144
8 151
8 152
8 155
8 157
8 158
8 162
8 165
8 167
8 168
8 169
8 171
8 172
8 174
8 176
8 177
8 178
8 183
8 185
8 186
8 187
8 188
8 192
8 194
8 199
9 11
9 17
9 20
9 23
9 24
9 25
9 26
9 27
9 29
9 31
9 32
9 34
9 36
9 38
9 39
9 40
9 41
9 42
9 43
9 46
9 47
9 48
9 50
9 57
9 58
9 59
9 60
9 61
9 62
9 65
9 66
9 67
9 70
9 75
9 77
9 79
9 83
9 85
9 89
9 90
9 92
9 95
9 96
9 97
9 99
9 104
9 106
9 113
9 116
9 118
9 119
9 121
9 124
9 125
9 126
9 129
9 130
9 132
9 137
9 138
9 140
9 144
9 149
9 150
9 151
9 152
9 153
9 154
9 155
9 156
9 159
9 160
9 161
9 162
9 165
9 167
9 168
9 172
9 173
9 176
9 177
9 178
9 181
9 182
9 184
9 185
9 188
9 191
9 193
9 194
9 195
9 196
9 197
9 199
10 12
10 15
10 17
10 18
10 21
10 25
10 27
10 28
10 32
10 33
10 35
10 37
10 42
10 48
10 49
10 50
10 51
10 55
10 61
10 62
10 65
10 66
10 71
10 72
10 74
10 75
10 77
10 79
10 80
10 82
10 86
10 88
10 90
10 91
10 94
10 96
10 97
10 98
10 99
10 100
10 101
10 102
10 105
10 106
10 111
10 114
10 115
10 117
10 119
10 122
10 123
10 128
10 129
10 130
10 132
10 133
10 134
10 136
10 137
10 138
10 139
10 140
10 141
10 142
10 143
10 145
10 146
10 148
10 150
10 151
10 155
10 156
10 158
10 162
10 166
10 167
10 169
10 173
10 174
10 175
10 177
10 179
10 180
10 181
10 182
10 183
10 186
10 187
10 190
10 194
10 195
10 199
11 12
11 13
11 14
11 16
11 18
11 20
11 24
11 25
11 27
11 28
11 38
11 39
11 41
11 44
11 45
11 53
11 57
11 61
11 63
11 65
11 66
11 68
11 71
11 72
11 79
11 81
11 82
11 83
11 89
11 95
11 97
11 100
11 103
11 105
11 106
11 107
11 109
11 110
11 111
11 112
11 114
11 116
11 117
11 119
11 121
11 123
11 124
11 125
11 129
11 130
11 132
11 133
11 135
11 137
11 138
11 139
11 142
11 144
11 145
11 146
11 148
11 150
11 154
11 156
11 157
11 159
11 162
11 163
11 165
11 166
11 168
11 169
11 170
11 171
11 172
11 173
11 175
11 176
11 177
11 178
11 179
11 180
11 184
11 189
11 190
11 194
12 13
12 15
12 18
12 19
12 20
12 21
12 22
12 27
12 30
12 32
12 33
12 34
12 37
12 41
12 44
12 46
12 47
12 48
12 49
12 50
12 51
12 52
12 54
12 57
12 58
12 59
12 60
12 63
12 64
12 68
12 70
12 72
12 73
12 75
12 76
12 77
12 80
12 82
12 85
12 86
12 87
12 89
12 90
12 91
12 92
12 93
12 95
12 96
12 97
12 98
12 99
12 100
12 101
12 105
12 107
12 109
12 110
12 113
12 118
12 120
12 122
12 123
12 124
12 129
12 130
12 134
12 142
12 144
12 147
12 148
12 149
12 151
12 152
12 158
12 159
12 160
12 163
12 164
12 167
12 168
12 169
12 171
12 172
12 173
12 174
12 176
12 177
12 178
12 182
12 183
12 184
12 186
12 191
12 192
12 193
12 194
12 197
12 198
12 199
13 15
13 16
13 18
13 19
13 20
13 21
13 28
13 29
13 31
13 32
13 36
13 37
13 39
13 40
13 41
13 42
13 44
13 47
13 49
13 50
13 51
13 52
13 54
13 56
13 57
13 60
13 62
13 68
13 69
13 71
13 74
13 78
13 84
13 88
13 90
13 91
13 93
13 94
13 95
13 96
13 98
13 100
13 102
13 104
13 109
13 130
13 131
13 133
13 135
13 137
13 138
13 139
13 140
13 141
13 142
13 144
13 145
13 147
13 148
13 151
13 153
13 158
13 160
13 161
13 162
13 164
13 165
13 169
13 173
13 176
13 178
13 180
13 181
13 182
13 183
13 184
13 185
13 189
13 190
13 192
13 194
13 196
13 197
14 15
14 16
14 17
14 19
14 20
14 21
14 25
14 26
14 27
14 29
14 31
14 35
14 37
14 39
14 45
14 47
14 48
14 53
14 56
14 57
14 59
14 60
14 62
14 63
14 64
14 66
14 68
14 69
14 72
14 75
14 77
14 78
14 80
14 81
14 82
14 84
14 85
14 86
14 87
14 89
14 90
14 92
14 94
14 95
14 97
14 98
14 99
14 100
14 101
14 102
14 103
14 104
14 106
14 114
14 115
14 117
14 120
14 122
14 123
14 127
14 128
14 131
14 133
14 134
14 137
14 138
14 140
14 144
14 146
14 147
14 149
14 151
14 152
14 157
14 158
14 160
14 163
14 164
14 166
14 173
14 176
14 177
14 179
14 181
14 182
14 183
14 184
14 186
14 189
14 192
14 193
14 194
14 196
14 197
15 17
15 21
15 22
15 26
15 27
15 28
15 29
15 30
15 32
15 35
15 37
15 38
15 39
15 40
15 45
15 46
15 48
15 51
15 52
15 54
15 55
15 56
15 57
15 58
15 59
15 60
15 61
15 62
15 63
15 64
15 65
15 67
15 68
15 69
15 71
15 72
15 73
15 74
15 75
15 76
15 81
15 84
15 85
15 87
15 88
15 89
15 92
15 94
15 95
15 98
15 99
15 100
15 105
15 108
15 109
15 112
15 113
15 115
15 118
15 119
15 120
15 121
15 122
15 125
15 126
15 127
15 128
15 129
15 133
15 134
15 135
15 136
15 139
15 146
15 149
15 150
15 151
15 153
15 156
15 159
15 160
15 161
15 162
15 164
15 165
15 168
15 169
15 172
15 173
15 175
15 177
15 178
15 180
15 181
15 182
15 183
15 184
15 185
15 187
15 188
15 190
15 191
15 193
15 194
15 197
15 199
16 20
16 24
16 27
16 29
16 34
16 37
16 42
16 43
16 44
16 45
16 48
16 50
16 52
16 53
16 55
16 56
16 57
16 58
16 70
16 71
16 72
16 74
16 76
16 87
16 88
16 89
16 90
16 92
16 93
16 94
16 95
16 99
16 100
16 102
16 103
16 106
16 107
16 108
16 110
16 111
16 112
16 115
16 117
16 118
16 119
16 121
16 122
16 124
16 127
16 128
16 133
16 134
16 136
16 138
16 139
16 140
16 143
16 144
16 145
16 149
16 150
16 153
16 155
16 156
16 157
16 162
16 163
16 164
16 165
16 166
16 168
16 169
16 176
16 177
16 178
16 180
16 181
16 182
16 183
16 186
16 187
16 188
16 191
16 192
16 194
16 195
16 197
16 199
17 20
17 24
17 28
17 31
17 32
17 33
17 34
17 36
17 37
17 38
17 40
17 44
17 49
17 50
17 52
17 53
17 56
17 60
17 63
17 66
17 69
17 70
17 73
17 74
17 75
17 77
17 80
17 81
17 82
17 83
17 86
17 87
17 90
17 92
17 95
17 97
17 99
17 102
17 106
17 107
17 108
17 109
17 111
17 115
17 117
17 118
17 120
17 122
17 127
17 129
17 130
17 132
17 133
17 136
17 137
17 138
17 139
17 141
17 145
17 147
17 149
17 150
17 152
17 153
17 155
17 158
17 167
17 168
17 169
17 170
17 172
17 177
17 178
17 179
17 184
17 186
17 187
17 191
17 194
17 195
17 199
18 19
18 20
18 26
18 27
18 28
18 29
18 30
18 32
18 33
18 34
18 35
18 39
18 40
18 41
18 43
18 44
18 45
18 47
18 54
18 55
18 56
18 57
18 59
18 63
18 64
18 67
18 68
18 72
18 79
18 81
18 87
18 88
18 90
18 92
18 94
18 102
18 103
18 105
18 106
18 108
18 114
18 118
18 119
18 120
18 121
18 122
18 124
18 126
18 131
18 133
18 139
18 140
18 142
18 143
18 145
18 147
18 151
18 152
18 153
18 154
18 155
18 156
18 157
18 158
18 159
18 163
18 165
18 166
18 168
18 170
18 171
18 173
18 176
18 178
18 179
18 180
18 183
18 184
18 185
18 186
18 187
18 188
18 194
18 196
18 199
19 22
19 23
19 24
19 25
19 26
19 31
19 32
19 33
19 35
19 36
19 40
19 44
19 47
19 50
19 51
19 53
19 56
19 57
19 58
19 59
19 60
19 61
19 62
19 63
19 65
19 68
19 69
19 70
19 71
19 73
19 76
19 78
19 81
19 82
19 83
19 85
19 86
19 89
19 92
19 94
19 96
19 98
19 99
19 100
19 101
19 105
19 106
19 107
19 108
19 110
19 114
19 116
19 121
19 126
19 127
19 128
19 129
19 130
19 132
19 133
19 134
19 135
19 136
19 137
19 140
19 141
19 142
19 144
19 145
19 146
19 149
19 150
19 151
19 152
19 157
19 158
19 160
19 161
19 162
19 163
19 164
19 168
19 170
19 172
19 173
19 174
19 176
19 177
19 178
19 193
19 196
20 31
20 33
20 35
20 37
20 38
20 39
20 40
20 42
20 43
20 46
20 47
20 48
20 50
20 51
20 52
20 53
20 56
20 58
20 59
20 62
20 63
20 64
20 65
20 66
20 72
20 73
20 75
20 78
20 79
20 81
20 83
20 85
20 86
20 87
20 91
20 92
20 94
20 95
20 100
20 101
20 103
20 104
20 107
20 111
20 116
20 117
20 119
20 120
20 122
20 124
20 125
20 128
20 129
20 133
20 136
20 140
20 141
20 142
20 144
20 145
20 146
20 148
20 149
20 151
20 152
20 153
20 154
20 156
20 157
20 158
20 159
20 162
20 165
20 167
20 168
20 170
20 174
20 175
20 178
20 181
20 184
20 186
20 187
20 189
20 194
20 195
20 197
20 199
21 22
21 23
21 24
21 25
21 27
21 29
21 30
21 32
21 38
21 40
21 41
21 44
21 45
21 49
21 50
21 55
21 59
21 60
21 61
21 67
21 71
21 72
21 76
21 82
21 83
21 84
21 86
21 88
21 89
21 90
21 92
21 94
21 97
21 98
21 100
21 101
21 104
21 106
21 108
21 112
21 113
21 114
21 117
21 118
21 119
21 122
21 123
21 124
21 126
21 130
21 131
21 132
21 135
21 137
21 138
21 140
21 143
21 149
21 150
21 151
21 153
21 154
21 156
21 157
21 159
21 161
21 163
21 164
21 167
21 168
21 172
21 173
21 177
21 180
21 184
21 185
21 188
21 189
21 190
21 192
21 193
21 195
21 196
21 197
22 24
22 26
22 27
22 28
22 29
22 30
22 31
22 32
22 34
22 35
22 37
22 38
22 40
22 41
22 45
22 53
22 56
22 57
22 61
22 62
22 65
22 70
22 71
22 72
22 74
22 76
22 77
22 78
22 81
22 84
22 85
22 87
22 88
22 91
22 92
22 96
22 98
22 99
22 100
22 102
22 104
22 106
22 108
22 113
22 115
22 116
22 117
22 121
22 122
22 123
22 125
22 126
22 127
22 129
22 131
22 132
22 133
22 135
22 136
22 139
22 140
22 141
22 146
22 147
22 149
22 150
22 154
22 161
22 163
22 165
22 171
22 176
22 179
22 182
22 184
22 185
22 186
22 191
22 192
22 193
22 195
22 197
23 24
23 25
23 26
23 27
23 29
23 30
23 33
23 35
23 36
23 37
23 39
23 41
23 45
23 46
23 48
23 51
23 52
23 54
23 55
23 56
23 57
23 58
23 59
23 64
23 67
23 69
23 71
23 76
23 77
23 79
23 80
23 81
23 83
23 84
23 85
23 87
23 89
23 91
23 92
23 94
23 97
23 98
23 99
23 100
23 101
23 102
23 104
23 105
23 106
23 107
23 109
23 110
23 112
23 113
23 118
23 120
23 121
23 123
23 128
23 130
23 134
23 137
23 141
23 146
23 147
23 148
23 151
23 152
23 154
23 155
23 156
23 158
23 163
23 166
23 167
23 170
23 172
23 173
23 174
23 176
23 177
23 178
23 179
23 181
23 185
23 189
23 191
23 192
23 194
23 195
23 196
24 26
24 27
24 29
24 30
24 31
24 32
24 35
24 36
24 38
24 39
24 40
24 43
24 44
24 45
24 47
24 48
24 49
24 51
24 55
24 59
24 61
24 62
24 63
24 64
24 65
24 69
24 70
24 71
24 77
24 78
24 80
24 81
24 82
24 83
24 86
24 87
24 92
24 93
24 96
24 98
24 101
24 102
24 104
24 105
24 107
24 108
24 110
24 113
24 115
24 119
24 120
24 125
24 126
24 127
24 128
24 129
24 130
24 131
24 134
24 136
24 138
24 139
24 140
24 143
24 144
24 145
24 146
24 150
24 153
24 154
24 157
24 159
24 161
24 164
24 168
24 171
24 173
24 181
24 184
24 185
24 187
24 188
24 190
24 195
24 197
24 198
24 199
25 28
25 29
25 30
25 32
25 36
25 39
25 40
25 41
25 43
25 47
25 52
25 54
25 55
25 57
25 58
25 60
25 61
25 67
25 68
25 71
25 72
25 73
25 74
25 75
25 79
25 81
25 84
25 87
25 88
25 93
25 94
25 96
25 97
25 98
25 100
25 101
25 103
25 106
25 112
25 113
25 116
25 119
25 120
25 121
25 123
25 124
25 125
25 126
25 127
25 131
25 132
25 134
25 136
25 139
25 140
25 142
25 143
25 148
25 151
25 154
25 163
25 164
25 165
25 167
25 171
25 172
25 174
25 177
25 178
25 179
25 182
25 184
25 185
25 187
25 188
25 190
25 191
25 192
25 194
25 195
25 196
25 198
26 27
26 28
26 29
26 30
26 33
26 36
26 39
26 41
26 42
26 44
26 48
26 49
26 50
26 53
26 54
26 55
26 57
26 58
26 59
26 60
26 63
26 64
26 67
26 68
26 70
26 71
26 77
26 78
26 82
26 84
26 85
26 87
26 90
26 92
26 93
26 94
26 97
26 98
26 99
26 100
26 105
26 106
26 107
26 109
26 110
26 112
26 113
26 116
26 117
26 119
26 120
26 127
26 128
26 132
26 133
26 134
26 135
26 139
26 144
26 145
26 147
26 148
26 149
26 151
26 152
26 153
26 157
26 160
26 161
26 162
26 165
26 169
26 171
26 172
26 175
26 176
26 177
26 180
26 181
26 182
26 184
26 185
26 186
26 189
26 190
26 191
26 198
26 199
27 28
27 30
27 31
27 33
27 34
27 35
27 36
27 38
27 41
27 44
27 45
27 49
27 54
27 55
27 60
27 63
27 65
27 66
27 67
27 69
27 70
27 71
27 73
27 75
27 76
27 77
27 81
27 83
27 86
27 87
27 91
27 93
27 94
27 95
27 96
27 98
27 100
27 102
27 103
27 105
27 106
27 110
27 112
27 113
27 116
27 119
27 120
27 121
27 125
27 128
27 129
27 130
27 131
27 132
27 135
27 136
27 137
27 138
27 139
27 140
27 141
27 143
27 144
27 145
27 147
27 148
27 151
27 153
27 154
27 155
27 157
27 158
27 160
27 161
27 162
27 165
27 166
27 167
27 170
27 171
27 172
27 174
27 175
27 177
27 180
27 181
27 182
27 183
27 184
27 185
27 188
27 189
27 190
27 191
27 192
27 194
27 195
27 196
28 29
28 30
28 31
28 32
28 34
28 35
28 36
28 37
28 41
28 43
28 45
28 47
28 49
28 50
28 51
28 53
28 56
28 60
28 61
28 63
28 64
28 65
28 67
28 68
28 69
28 70
28 75
28 76
28 77
28 78
28 80
28 81
28 82
28 83
28 85
28 87
28 89
28 92
28 93
28 95
28 99
28 100
28 101
28 102
28 103
28 104
28 110
28 111
28 112
28 116
28 118
28 120
28 123
28 128
28 130
28 132
28 133
28 141
28 142
28 143
28 144
28 147
28 148
28 149
28 150
28 151
28 155
28 156
28 157
28 162
28 164
28 165
28 167
28 169
28 173
28 174
28 176
28 177
28 178
28 181
28 184
28 186
28 191
28 193
28 194
28 196
28 197
28 198
29 31
29 32
29 35
29 37
29 40
29 41
29 44
29 45
29 46
29 49
29 55
29 57
29 59
29 60
29 65
29 66
29 69
29 70
29 71
29 75
29 76
29 78
29 79
29 80
29 83
29 85
29 86
29 89
29 92
29 93
29 96
29 98
29 99
29 100
29 102
29 104
29 108
29 112
29 113
29 116
29 117
29 121
29 124
29 126
29 127
29 129
29 130
29 131
29 133
29 135
29 136
29 137
29 139
29 140
29 142
29 143
29 146
29 147
29 148
29 151
29 152
29 153
29 154
29 155
29 157
29 162
29 163
29 164
29 166
29 168
29 170
29 171
29 174
29 176
29 179
29 181
29 182
29 183
29 184
29 190
29 192
29 193
29 194
29 195
30 32
30 34
30 36
30 37
30 38
30 41
30 42
30 43
30 45
30 46
30 49
30 53
30 54
30 55
30 57
30 58
30 62
30 63
30 64
30 66
30 68
30 71
30 72
30 75
30 76
30 78
30 79
30 81
30 85
30 86
30 93
30 96
30 99
30 100
30 101
30 108
30 109
30 111
30 112
30 113
30 114
30 118
30 119
30 120
30 121
30 123
30 124
30 129
30 134
30 137
30 139
30 140
30 143
30 146
30 148
30 149
30 151
30 154
30 155
30 156
30 157
30 159
30 163
30 164
30 165
30 166
30 170
30 171
30 173
30 174
30 175
30 176
30 177
30 178
30 179
30 180
30 181
30 182
30 183
30 184
30 186
30 189
30 190
30 194
30 195
30 198
31 38
31 40
31 41
31 43
31 45
31 51
31 52
31 54
31 55
31 58
31 59
31 61
31 65
31 66
31 68
31 69
31 71
31 72
31 73
31 74
31 75
31 79
31 83
31 85
31 88
31 90
31 91
31 92
31 94
31 98
31 99
31 100
31 101
31 107
31 109
31 110
31 112
31 115
31 117
31 118
31 119
31 120
31 122
31 123
31 124
31 125
31 127
31 128
31 129
31 131
31 133
31 135
31 136
31 138
31 141
31 142
31 143
31 144
31 147
31 149
31 150
31 152
31 153
31 154
31 155
31 158
31 161
31 163
31 164
31 171
31 175
31 177
31 179
31 181
31 185
31 187
31 190
31 191
31 197
31 199
32 33
32 34
32 35
32 36
32 38
32 39
32 45
32 46
32 47
32 48
32 51
32 52
32 53
32 54
32 56
32 58
32 60
32 63
32 66
32 73
32 77
32 78
32 80
32 82
32 83
32 88
32 90
32 92
32 99
32 100
32 101
32 102
32 104
32 105
32 106
32 109
32 110
32 113
32 114
32 116
32 117
32 119
32 123
32 124
32 125
32 127
32 128
32 130
32 131
32 133
32 136
32 137
32 143
32 144
32 145
32 147
32 150
32 152
32 153
32 154
32 155
32 156
32 159
32 161
32 162
32 164
32 167
32 169
32 170
32 171
32 172
32 173
32 178
32 179
32 180
32 185
32 187
32 188
32 189
32 190
32 192
32 193
32 197
32 198
33 35
33 38
33 40
33 43
33 45
33 46
33 47
33 48
33 49
33 50
33 51
33 53
33 54
33 58
33 60
33 61
33 62
33 64
33 66
33 68
33 72
33 74
33 75
33 76
33 77
33 78
33 79
33 80
33 83
33 85
33 87
33 90
33 92
33 96
33 102
33 106
33 107
33 108
33 109
33 110
33 112
33 114
33 115
33 116
33 117
33 120
33 121
33 123
33 125
33 127
33 129
33 130
33 133
33 135
33 139
33 140
33 145
33 146
33 149
33 151
33 152
33 154
33 157
33 158
33 161
33 163
33 164
33 165
33 167
33 169
33 170
33 172
33 173
33 177
33 179
33 180
33 181
33 184
33 188
33 190
33 191
33 193
33 194
33 195
33 198
34 35
34 36
34 37
34 38
34 44
34 47
34 48
34 53
34 55
34 56
34 58
34 60
34 63
34 64
34 69
34 70
34 71
34 73
34 75
34 78
34 79
34 80
34 82
34 85
34 87
34 88
34 89
34 90
34 92
34 94
34 95
34 100
34 106
34 107
34 108
34 109
34 110
34 111
34 113
34 115
34 119
34 120
34 122
34 125
34 126
34 130
34 133
34 134
34 137
34 139
34 141
34 143
34 145
34 146
34 147
34 149
34 152
34 156
34 157
34 158
34 159
34 160
34 161
34 164
34 165
34 166
34 168
34 169
34 170
34 174
34 176
34 179
34 180
34 181
34 184
34 186
34 187
34 188
34 189
34 191
34 193
34 194
34 196
34 197
34 198
35 38
35 39
35 40
35 43
35 46
35 47
35 48
35 49
35 51
35 55
35 57
35 62
35 64
35 65
35 67
35 68
35 69
35 70
35 71
35 72
35 73
35 75
35 79
35 80
35 82
35 84
35 85
35 86
35 87
35 88
35 89
35 90
35 91
35 92
35 93
35 94
35 96
35 97
35 98
35 101
35 103
35 105
35 107
35 108
35 109
35 110
35 111
35 113
35 115
35 116
35 117
35 118
35 120
35 121
35 123
35 125
35 127
35 128
35 130
35 132
35 133
35 134
35 135
35 136
35 137
35 139
35 140
35 142
35 143
35 144
35 147
35 148
35 149
35 154
35 155
35 157
35 158
35 159
35 161
35 162
35 163
35 169
35 170
35 172
35 174
35 179
35 180
35 185
35 186
35 190
35 192
35 194
35 198
36 38
36 39
36 42
36 43
36 45
36 46
36 47
36 48
36 50
36 51
36 52
36 54
36 56
36 57
36 58
36 59
36 60
36 63
36 64
36 65
36 67
36 68
36 69
36 70
36 71
36 72
36 74
36 77
36 79
36 83
36 84
36 85
36 86
36 88
36 89
36 91
36 92
36 95
36 98
36 99
36 100
36 102
36 106
36 108
36 109
36 113
36 115
36 117
36 119
36 122
36 125
36 128
36 129
36 130
36 132
36 135
36 136
36 144
36 145
36 146
36 147
36 149
36 150
36 151
36 152
36 154
36 156
36 158
36 159
36 160
36 161
36 163
36 164
36 165
36 166
36 167
36 168
36 173
36 174
36 176
36 177
36 178
36 179
36 180
36 183
36 191
36 192
36 193
36 195
36 197
37 38
37 39
37 42
37 47
37 50
37 51
37 53
37 54
37 55
37 57
37 58
37 59
37 61
37 64
37 66
37 68
37 69
37 72
37 73
37 74
37 75
37 80
37 83
37 87
37 89
37 91
37 94
37 96
37 98
37 100
37 103
37 105
37 106
37 107
37 108
37 109
37 110
37 113
37 114
37 115
37 119
37 121
37 122
37 126
37 127
37 129
37 133
37 134
37 135
37 137
37 138
37 139
37 140
37 142
37 143
37 144
37 146
37 148
37 149
37 150
37 152
37 155
37 158
37 159
37 160
37 161
37 163
37 165
37 166
37 167
37 170
37 173
37 174
37 175
37 179
37 180
37 183
37 184
37 186
37 187
37 188
37 189
37 190
37 191
37 192
37 194
37 199
38 39
38 40
38 42
38 47
38 49
38 50
38 55
38 57
38 60
38 61
38 64
38 65
38 66
38 67
38 68
38 72
38 74
38 75
38 80
38 83
38 84
38 85
38 90
38 92
38 94
38 96
38 97
38 99
38 100
38 101
38 102
38 103
38 105
38 106
38 107
38 111
38 113
38 114
38 115
38 116
38 119
38 120
38 123
38 124
38 125
38 126
38 127
38 128
38 129
38 130
38 133
38 138
38 139
38 141
38 143
38 148
38 150
38 151
38 152
38 154
38 155
38 162
38 166
38 169
38 170
38 171
38 172
38 173
38 176
38 179
38 180
38 185
38 187
38 190
38 194
38 196
38 197
38 198
39 41
39 42
39 43
39 45
39 46
39 49
39 51
39 52
39 53
39 54
39 55
39 59
39 60
39 62
39 64
39 67
39 68
39 69
39 70
39 75
39 78
39 79
39 81
39 88
39 89
39 95
39 96
39 101
39 102
39 106
39 108
39 109
39 111
39 112
39 113
39 114
39 115
39 117
39 118
39 120
39 122
39 123
39 126
39 127
39 131
39 133
39 134
39 135
39 136
39 137
39 138
39 141
39 142
39 143
39 144
39 146
39 148
39 149
39 152
39 155
39 157
39 158
39 162
39 165
39 167
39 169
39 170
39 171
39 175
39 176
39 180
39 185
39 186
39 188
39 190
39 194
39 196
39 197
39 199
40 44
40 45
40 46
40 48
40 51
40 52
40 54
40 59
40 61
40 62
40 63
40 64
40 65
40 68
40 71
40 72
40 74
40 76
40 78
40 79
40 83
40 86
40 88
40 90
40 93
40 94
40 95
40 100
40 102
40 103
40 105
40 106
40 107
40 108
40 109
40 113
40 114
40 116
40 118
40 119
40 120
40 121
40 123
40 124
40 127
40 129
40 130
40 132
40 134
40 140
40 142
40 143
40 150
40 155
40 156
40 157
40 158
40 159
40 161
40 163
40 165
40 166
40 167
40 169
40 170
40 172
40 178
40 180
40 185
40 187
40 190
40 192
40 195
40 196
40 198
40 199
41 43
41 44
41 46
41 47
41 48
41 49
41 50
41 51
41 52
41 54
41 55
41 56
41 58
41 60
41 61
41 62
41 63
41 66
41 67
41 69
41 71
41 72
41 73
41 74
41 79
41 80
41 81
41 82
41 83
41 86
41 87
41 88
41 90
41 91
41 93
41 97
41 101
41 104
41 105
41 108
41 109
41 110
41 111
41 115
41 116
41 120
41 121
41 122
41 123
41 125
41 126
41 127
41 131
41 135
41 136
41 142
41 143
41 144
41 145
41 146
41 148
41 149
41 151
41 152
41 154
41 156
41 157
41 160
41 164
41 167
41 171
41 174
41 175
41 176
41 177
41 179
41 181
41 182
41 183
41 184
41 191
41 193
41 197
41 198
41 199
42 43
42 45
42 46
42 47
42 49
42 58
42 62
42 63
42 64
42 65
42 66
42 68
42 70
42 73
42 74
42 75
42 76
42 78
42 80
42 83
42 84
42 85
42 88
42 90
42 92
42 97
42 102
42 103
42 104
42 108
42 109
42 114
42 115
42 116
42 117
42 118
42 119
42 121
42 122
42 123
42 124
42 132
42 136
42 137
42 141
42 144
42 146
42 147
42 148
42 150
42 152
42 153
42 154
42 155
42 157
42 160
42 161
42 162
42 167
42 168
42 169
42 172
42 173
42 176
42 177
42 178
42 182
42 183
42 185
42 186
42 189
42 190
42 193
42 199
43 45
43 46
43 47
43 49
43 53
43 56
43 59
43 60
43 61
43 63
43 64
43 65
43 66
43 67
43 69
43 70
43 72
43 75
43 78
43 83
43 84
43 85
43 90
43 91
43 92
43 93
43 96
43 97
43 98
43 101
43 103
43 107
43 108
43 109
43 111
43 112
43 113
43 114
43 117
43 118
43 120
43 121
43 122
43 124
43 127
43 129
43 130
43 131
43 132
43 133
43 135
43 136
43 139
43 140
43 141
43 142
43 144
43 148
43 149
43 150
43 154
43 156
43 159
43 164
43 165
43 166
43 168
43 171
43 172
43 173
43 174
43 175
43 176
43 177
43 179
43 181
43 182
43 184
43 187
43 189
43 190
43 194
43 196
43 197
44 46
44 47
44 50
44 55
44 56
44 60
44 62
44 63
44 64
44 66
44 67
44 68
44 69
44 70
44 71
44 72
44 74
44 75
44 76
44 78
44 79
44 87
44 88
44 91
44 95
44 98
44 99
44 100
44 101
44 102
44 103
44 104
44 105
44 106
44 107
44 109
44 111
44 113
44 114
44 116
44 117
44 118
44 119
44 121
44 122
44 123
44 124
44 125
44 128
44 131
44 133
44 135
44 136
44 137
44 138
44 139
44 140
44 141
44 142
44 143
44 144
44 145
44 146
44 147
44 150
44 153
44 154
44 155
44 156
44 157
44 161
44 164
44 165
44 168
44 170
44 172
44 178
44 179
44 180
44 184
44 186
44 190
44 191
44 192
44 195
44 196
44 199
45 46
45 47
45 51
45 53
45 55
45 58
45 60
45 67
45 69
45 71
45 73
45 78
45 79
45 81
45 82
45 83
45 85
45 88
45 90
45 95
45 96
45 101
45 107
45 108
45 109
45 110
45 111
45 113
45 114
45 116
45 120
45 121
45 122
45 123
45 127
45 128
45 132
45 137
45 140
45 145
45 147
45 152
45 155
45 156
45 158
45 159
45 161
45 163
45 165
45 175
45 176
45 180
45 181
45 183
45 185
45 188
45 191
45 193
45 196
45 198
45 199
46 47
46 48
46 50
46 53
46 54
46 55
46 56
46 57
46 59
46 61
46 63
46 64
46 67
46 69
46 71
46 73
46 75
46 78
46 79
46 80
46 81
46 82
46 84
46 85
46 86
46 87
46 88
46 89
46 90
46 94
46 95
46 96
46 99
46 100
46 101
46 102
46 103
46 108
46 111
46 113
46 115
46 117
46 118
46 120
46 124
46 126
46 129
46 131
46 133
46 135
46 137
46 138
46 140
46 145
46 148
46 151
46 153
46 154
46 155
46 156
46 157
46 158
46 159
46 164
46 165
46 166
46 169
46 170
46 171
46 173
46 174
46 175
46 176
46 177
46 179
46 181
46 183
46 184
46 185
46 186
46 190
46 191
46 192
46 193
46 195
47 49
47 50
47 51
47 52
47 56
47 58
47 59
47 60
47 62
47 64
47 65
47 66
47 67
47 71
47 73
47 74
47 76
47 77
47 79
47 81
47 83
47 85
47 86
47 90
47 92
47 99
47 100
47 102
47 103
47 104
47 105
47 108
47 114
47 115
47 116
47 118
47 119
47 120
47 123
47 125
47 126
47 127
47 129
47 131
47 132
47 133
47 134
47 135
47 138
47 143
47 145
47 147
47 148
47 152
47 154
47 157
47 159
47 162
47 163
47 164
47 165
47 166
47 167
47 169
47 170
47 173
47 176
47 178
47 179
47 180
47 182
47 183
47 184
47 186
47 188
47 190
47 192
47 193
47 195
47 196
47 197
48 49
48 51
48 53
48 55
48 56
48 60
48 61
48 63
48 64
48 65
48 66
48 67
48 69
48 71
48 72
48 73
48 78
48 81
48 82
48 86
48 89
48 90
48 96
48 99
48 100
48 102
48 103
48 104
48 105
48 106
48 108
48 110
48 112
48 113
48 117
48 118
48 121
48 123
48 125
48 127
48 128
48 129
48 131
48 133
48 135
48 137
48 140
48 141
48 144
48 145
48 146
48 149
48 151
48 156
48 157
48 159
48 160
48 161
48 163
48 167
48 169
48 170
48 172
48 174
48 178
48 181
48 184
48 185
48 188
48 190
48 191
48 193
48 195
48 196
48 198
48 199
49 50
49 51
49 52
49 53
49 54
49 56
49 57
49 58
49 60
49 64
49 65
49 68
49 70
49 72
49 76
49 81
49 87
49 88
49 91
49 92
49 95
49 96
49 97
49 98
49 99
49 104
49 105
49 108
49 109
49 112
49 113
49 114
49 115
49 117
49 120
49 122
49 127
49 129
49 132
49 133
49 135
49 137
49 138
49 142
49 147
49 148
49 153
49 154
49 155
49 156
49 158
49 159
49 161
49 162
49 165
49 166
49 168
49 169
49 171
49 173
49 174
49 175
49 176
49 177
49 180
49 181
49 189
49 193
49 194
49 195
49 197
49 199
50 51
50 52
50 55
50 57
50 59
50 60
50 62
50 65
50 69
50 70
50 71
50 76
50 77
50 81
50 82
50 83
50 84
50 85
50 86
50 87
50 88
50 89
50 90
50 93
50 94
50 96
50 100
50 102
50 103
50 105
50 106
50 110
50 111
50 113
50 114
50 115
50 117
50 118
50 120
50 125
50 127
50 128
50 129
50 134
50 135
50 136
50 139
50 140
50 141
50 145
50 146
50 148
50 150
50 151
50 152
50 153
50 158
50 162
50 170
50 172
50 177
50 178
50 180
50 183
50 187
50 188
50 190
50 191
50 193
50 194
50 195
50 196
50 197
50 198
50 199
51 54
51 55
51 58
51 60
51 64
51 67
51 74
51 79
51 84
51 85
51 86
51 87
51 88
51 89
51 90
51 92
51 94
51 95
51 101
51 103
51 105
51 114
51 115
51 116
51 118
51 121
51 122
51 123
51 125
51 127
51 128
51 130
51 132
51 133
51 135
51 136
51 139
51 140
51 141
51 142
51 144
51 145
51 146
51 148
51 150
51 152
51 153
51 154
51 155
51 156
51 158
51 160
51 161
51 162
51 168
51 175
51 176
51 178
51 179
51 180
51 183
51 187
51 189
51 191
51 192
51 193
51 194
51 195
51 197
51 199
52 53
52 54
52 55
52 56
52 57
52 58
52 59
52 61
52 62
52 63
52 65
52 67
52 68
52 69
52 72
52 76
52 77
52 78
52 79
52 83
52 84
52 85
52 87
52 88
52 89
52 93
52 94
52 95
52 97
52 99
52 105
52 106
52 107
52 108
52 109
52 111
52 115
52 117
52 119
52 122
52 125
52 128
52 129
52 130
52 131
52 132
52 134
52 135
52 136
52 137
52 139
52 140
52 142
52 143
52 146
52 147
52 148
52 150
52 153
52 154
52 155
52 156
52 158
52 159
52 163
52 164
52 168
52 170
52 171
52 173
52 174
52 175
52 176
52 177
52 180
52 181
52 182
52 184
52 186
52 187
52 188
52 191
52 193
52 195
52 196
52 199
53 55
53 57
53 60
53 61
53 63
53 64
53 65
53 68
53 69
53 71
53 72
53 73
53 75
53 76
53 78
53 82
53 84
53 85
53 86
53 87
53 88
53 91
53 96
53 99
53 101
53 102
53 103
53 105
53 107
53 109
53 110
53 111
53 116
53 118
53 119
53 120
53 125
53 126
53 127
53 129
53 130
53 131
53 132
53 133
53 136
53 137
53 139
53 141
53 143
53 147
53 149
53 152
53 154
53 158
53 160
53 161
53 162
53 164
53 167
53 168
53 169
53 171
53 173
53 178
53 179
53 180
53 181
53 182
53 186
53 187
53 189
53 190
53 191
53 193
53 195
53 197
54 55
54 60
54 61
54 69
54 70
54 71
54 72
54 75
54 77
54 80
54 83
54 84
54 88
54 90
54 94
54 95
54 96
54 99
54 101
54 104
54 105
54 107
54 108
54 109
54 112
54 113
54 114
54 118
54 119
54 122
54 123
54 124
54 125
54 127
54 131
54 133
54 134
54 135
54 137
54 141
54 144
54 147
54 149
54 150
54 153
54 154
54 156
54 158
54 159
54 161
54 163
54 164
54 165
54 166
54 173
54 174
54 176
54 178
54 186
54 188
54 190
54 191
54 192
54 195
54 196
54 197
54 199
55 59
55 61
55 62
55 63
55 65
55 67
55 69
55 73
55 75
55 77
55 81
55 85
55 90
55 91
55 92
55 95
55 97
55 98
55 99
55 101
55 102
55 105
55 106
55 107
55 110
55 111
55 114
55 115
55 116
55 118
55 119
55 120
55 122
55 127
55 128
55 129
55 130
55 132
55 133
55 134
55 135
55 136
55 137
55 139
55 143
55 145
55 149
55 150
55 153
55 154
55 156
55 160
55 161
55 164
55 165
55 167
55 169
55 171
55 175
55 180
55 183
55 186
55 188
55 189
55 191
55 193
55 196
56 58
56 63
56 64
56 66
56 67
56 68
56 70
56 73
56 74
56 75
56 76
56 78
56 80
56 82
56 83
56 87
56 89
56 91
56 93
56 95
56 97
56 104
56 106
56 107
56 108
56 110
56 112
56 116
56 120
56 121
56 122
56 126
56 127
56 128
56 130
56 135
56 137
56 138
56 139
56 141
56 143
56 146
56 150
56 151
56 155
56 156
56 157
56 158
56 161
56 162
56 165
56 170
56 174
56 178
56 180
56 183
56 184
56 185
56 186
56 187
56 189
56 194
56 195
56 196
56 197
57 58
57 59
57 62
57 63
57 64
57 65
57 68
57 69
57 70
57 75
57 76
57 80
57 84
57 87
57 90
57 91
57 93
57 98
57 99
57 100
57 101
57 103
57 106
57 108
57 110
57 112
57 113
57 115
57 119
57 120
57 123
57 124
57 127
57 128
57 129
57 130
57 131
57 133
57 137
57 139
57 140
57 141
57 144
57 146
57 147
57 148
57 149
57 150
57 151
57 154
57 155
57 156
57 157
57 158
57 160
57 162
57 164
57 165
57 168
57 170
57 171
57 172
57 179
57 180
57 183
57 184
57 185
57 188
57 189
57 191
57 193
57 195
57 198
58 60
58 61
58 63
58 65
58 66
58 69
58 70
58 71
58 75
58 76
58 77
58 78
58 81
58 82
58 85
58 87
58 89
58 90
58 93
58 94
58 95
58 96
58 97
58 102
58 107
58 109
58 110
58 113
58 115
58 116
58 117
58 124
58 127
58 129
58 132
58 134
58 135
58 136
58 137
58 140
58 142
58 144
58 146
58 153
58 154
58 156
58 157
58 158
58 159
58 160
58 162
58 163
58 166
58 168
58 170
58 171
58 172
58 174
58 176
58 180
58 181
58 182
58 184
58 187
58 188
58 189
58 191
58 193
58 195
58 199
59 60
59 61
59 63
59 67
59 69
59 70
59 71
59 72
59 73
59 74
59 76
59 77
59 80
59 82
59 85
59 87
59 88
59 89
59 91
59 94
59 95
59 96
59 101
59 102
59 104
59 108
59 109
59 110
59 112
59 115
59 117
59 119
59 120
59 121
59 122
59 125
59 127
59 129
59 130
59 133
59 135
59 136
59 137
59 139
59 141
59 142
59 144
59 145
59 146
59 153
59 154
59 156
59 162
59 164
59 165
59 166
59 167
59 168
59 173
59 174
59 175
59 176
59 178
59 183
59 185
59 193
59 194
59 195
59 198
59 199
60 64
60 66
60 67
60 72
60 76
60 77
60 78
60 79
60 80
60 82
60 84
60 86
60 88
60 90
60 95
60 96
60 100
60 101
60 105
60 108
60 109
60 111
60 112
60 115
60 116
60 117
60 118
60 120
60 122
60 123
60 129
60 130
60 136
60 137
60 138
60 139
60 140
60 143
60 144
60 145
60 147
60 149
60 150
60 151
60 152
60 157
60 163
60 164
60 165
60 168
60 170
60 171
60 172
60 173
60 177
60 179
60 180
60 181
60 183
60 184
60 185
60 186
60 187
60 188
60 189
60 190
60 192
60 193
60 194
60 196
60 197
61 63
61 64
61 67
61 68
61 69
61 71
61 72
61 73
61 74
61 75
61 76
61 77
61 79
61 81
61 82
61 83
61 85
61 87
61 88
61 89
61 91
61 92
61 94
61 95
61 98
61 102
61 104
61 105
61 106
61 108
61 109
61 112
61 113
61 114
61 115
61 116
61 118
61 119
61 120
61 121
61 122
61 125
61 126
61 127
61 129
61 132
61 134
61 135
61 136
61 138
61 139
61 140
61 141
61 142
61 144
61 146
61 148
61 151
61 152
61 153
61 155
61 156
61 159
61 165
61 166
61 167
61 168
61 172
61 176
61 178
61 179
61 181
61 182
61 183
61 184
61 186
61 187
61 188
61 189
61 194
61 196
62 64
62 66
62 69
62 70
62 71
62 72
62 73
62 75
62 77
62 79
62 81
62 82
62 84
62 85
62 86
62 88
62 89
62 90
62 91
62 96
62 98
62 103
62 104
62 106
62 109
62 110
62 111
62 112
62 113
62 114
62 115
62 117
62 118
62 119
62 121
62 122
62 123
62 124
62 126
62 127
62 133
62 136
62 139
62 141
62 142
62 147
62 149
62 150
62 151
62 153
62 156
62 157
62 160
62 161
62 162
62 163
62 165
62 175
62 176
62 178
62 179
62 180
62 181
62 183
62 185
62 186
62 189
62 190
62 191
62 193
62 195
62 196
63 64
63 66
63 71
63 72
63 78
63 79
63 85
63 86
63 87
63 89
63 90
63 91
63 93
63 94
63 95
63 97
63 98
63 100
63 101
63 102
63 103
63 105
63 106
63 107
63 110
63 111
63 113
63 116
63 118
63 120
63 121
63 126
63 128
63 133
63 135
63 136
63 137
63 138
63 140
63 142
63 144
63 145
63 146
63 148
63 150
63 152
63 153
63 157
63 158
63 162
63 163
63 164
63 166
63 168
63 172
63 173
63 174
63 177
63 184
63 185
63 186
63 188
63 189
63 191
63 192
63 193
63 194
63 196
63 197
64 65
64 66
64 68
64 69
64 70
64 71
64 74
64 76
64 77
64 78
64 81
64 84
64 85
64 87
64 92
64 93
64 94
64 96
64 99
64 102
64 105
64 106
64 109
64 110
64 111
64 112
64 115
64 118
64 120
64 121
64 125
64 126
64 127
64 128
64 129
64 130
64 131
64 132
64 133
64 134
64 135
64 138
64 139
64 140
64 141
64 144
64 147
64 149
64 150
64 151
64 152
64 153
64 154
64 158
64 159
64 163
64 164
64 165
64 167
64 168
64 169
64 170
64 173
64 175
64 176
64 180
64 181
64 182
64 185
64 186
64 188
64 191
64 195
64 197
65 66
65 67
65 68
65 70
65 73
65 74
65 76
65 77
65 78
65 85
65 87
65 88
65 90
65 91
65 100
65 105
65 110
65 114
65 116
65 117
65 121
65 123
65 131
65 133
65 134
65 137
65 139
65 141
65 142
65 143
65 145
65 146
65 147
65 148
65 156
65 161
65 162
65 163
65 164
65 166
65 167
65 173
65 174
65 177
65 181
65 183
65 193
65 194
65 195
66 68
66 71
66 72
66 76
66 81
66 83
66 85
66 89
66 90
66 92
66 97
66 99
66 101
66 105
66 107
66 115
66 118
66 119
66 120
66 124
66 125
66 126
66 127
66 128
66 134
66 135
66 136
66 138
66 139
66 144
66 148
66 149
66 151
66 152
66 153
66 155
66 156
66 157
66 160
66 161
66 162
66 163
66 164
66 165
66 166
66 168
66 169
66 171
66 172
66 173
66 174
66 176
66 177
66 179
66 181
66 182
66 183
66 184
66 185
66 186
66 187
66 188
66 192
66 193
66 197
66 198
67 68
67 69
67 70
67 74
67 75
67 78
67 85
67 94
67 96
67 97
67 98
67 101
67 102
67 106
67 107
67 110
67 111
67 112
67 116
67 118
67 120
67 122
67 123
67 128
67 129
67 135
67 137
67 139
67 142
67 144
67 146
67 149
67 151
67 152
67 154
67 157
67 160
67 161
67 162
67 164
67 165
67 167
67 168
67 169
67 170
67 171
67 172
67 175
67 176
67 179
67 180
67 181
67 183
67 185
67 189
67 191
67 193
67 194
67 198
67 199
68 69
68 73
68 75
68 78
68 80
68 87
68 88
68 89
68 90
68 92
68 93
68 97
68 98
68 99
68 101
68 104
68 105
68 107
68 108
68 114
68 116
68 118
68 119
68 121
68 122
68 125
68 128
68 129
68 133
68 138
68 140
68 144
68 145
68 146
68 149
68 151
68 152
68 153
68 154
68 155
68 158
68 159
68 160
68 163
68 171
68 173
68 175
68 177
68 180
68 181
68 183
68 184
68 185
68 186
68 189
68 190
68 191
68 192
68 194
68 197
68 198
69 71
69 73
69 74
69 76
69 79
69 81
69 83
69 84
69 85
69 86
69 87
69 91
69 92
69 93
69 94
69 98
69 100
69 102
69 103
69 104
69 115
69 117
69 118
69 119
69 122
69 124
69 126
69 132
69 134
69 137
69 138
69 139
69 140
69 141
69 142
69 143
69 145
69 148
69 150
69 151
69 153
69 155
69 156
69 157
69 159
69 163
69 164
69 169
69 170
69 172
69 182
69 183
69 184
69 187
69 190
69 191
69 194
69 195
69 196
69 198
69 199
70 71
70 75
70 85
70 86
70 87
70 89
70 90
70 91
70 94
70 96
70 97
70 98
70 99
70 104
70 106
70 107
70 108
70 109
70 110
70 113
70 114
70 116
70 120
70 121
70 122
70 128
70 130
70 131
70 132
70 134
70 141
70 142
70 143
70 144
70 147
70 148
70 150
70 151
70 152
70 153
70 155
70 158
70 165
70 166
70 168
70 170
70 172
70 174
70 175
70 177
70 178
70 180
70 183
70 184
70 185
70 186
70 187
70 189
70 190
70 191
70 193
70 194
70 195
70 197
70 198
71 72
71 74
71 78
71 79
71 81
71 83
71 84
71 86
71 88
71 90
71 91
71 92
71 93
71 94
71 95
71 96
71 97
71 98
71 99
71 101
71 103
71 107
71 111
71 113
71 116
71 117
71 118
71 121
71 122
71 125
71 126
71 127
71 128
71 129
71 130
71 131
71 132
71 134
71 137
71 140
71 145
71 146
71 149
71 150
71 151
71 153
71 155
71 156
71 159
71 160
71 161
71 164
71 165
71 167
71 168
71 169
71 173
71 176
71 178
71 179
71 180
71 181
71 182
71 183
71 185
71 187
71 189
71 197
71 199
72 76
72 77
72 79
72 84
72 85
72 86
72 87
72 89
72 90
72 92
72 93
72 100
72 101
72 103
72 107
72 109
72 110
72 111
72 112
72 114
72 116
72 119
72 120
72 121
72 122
72 123
72 125
72 126
72 127
72 128
72 129
72 133
72 135
72 136
72 138
72 140
72 145
72 146
72 149
72 150
72 151
72 153
72 154
72 157
72 161
72 162
72 163
72 164
72 167
72 168
72 171
72 172
72 174
72 175
72 178
72 180
72 187
72 189
72 190
72 191
72 196
72 197
73 75
73 76
73 80
73 87
73 90
73 91
73 93
73 94
73 96
73 98
73 101
73 102
73 103
73 106
73 107
73 108
73 110
73 111
73 113
73 114
73 118
73 120
73 121
73 122
73 123
73 125
73 126
73 127
73 130
73 132
73 133
73 134
73 135
73 142
73 143
73 144
73 145
73 150
73 151
73 154
73 157
73 163
73 164
73 166
73 167
73 168
73 171
73 175
73 177
73 179
73 180
73 182
73 185
73 187
73 188
73 189
73 191
73 192
73 194
73 195
73 196
73 198
74 77
74 79
74 85
74 87
74 88
74 89
74 90
74 91
74 92
74 93
74 97
74 98
74 99
74 102
74 103
74 104
74 105
74 106
74 109
74 110
74 114
74 115
74 116
74 117
74 118
74 120
74 122
74 123
74 124
74 126
74 128
74 129
74 134
74 135
74 136
74 137
74 139
74 140
74 142
74 143
74 145
74 146
74 147
74 148
74 149
74 153
74 154
74 158
74 159
74 160
74 161
74 162
74 163
74 164
74 166
74 168
74 171
74 174
74 176
74 177
74 178
74 179
74 180
74 182
74 183
74 185
74 186
74 187
74 189
74 190
74 195
74 198
75 76
75 77
75 78
75 79
75 84
75 86
75 88
75 89
75 90
75 91
75 92
75 93
75 95
75 96
75 100
75 101
75 102
75 103
75 104
75 105
75 106
75 107
75 108
75 112
75 116
75 117
75 118
75 120
75 124
75 125
75 126
75 127
75 128
75 130
75 133
75 138
75 139
75 142
75 145
75 148
75 152
75 153
75 154
75 155
75 157
75 158
75 159
75 161
75 164
75 170
75 173
75 174
75 177
75 178
75 180
75 181
75 182
75 186
75 187
75 188
75 189
75 190
75 192
75 195
75 196
75 197
75 198
75 199
76 77
76 79
76 80
76 83
76 84
76 85
76 90
76 91
76 93
76 96
76 97
76 99
76 101
76 106
76 112
76 117
76 120
76 121
76 124
76 127
76 128
76 129
76 134
76 136
76 137
76 138
76 139
76 141
76 143
76 148
76 158
76 160
76 161
76 166
76 170
76 171
76 174
76 175
76 177
76 180
76 183
76 184
76 185
76 189
76 192
76 193
76 194
76 195
76 197
76 198
77 79
77 84
77 85
77 89
77 90
77 91
77 92
77 95
77 99
77 100
77 101
77 102
77 105
77 111
77 113
77 114
77 115
77 117
77 118
77 119
77 123
77 125
77 126
77 127
77 128
77 131
77 133
77 134
77 137
77 139
77 141
77 142
77 146
77 148
77 149
77 150
77 151
77 153
77 154
77 156
77 157
77 158
77 161
77 162
77 163
77 164
77 166
77 167
77 168
77 172
77 173
77 176
77 178
77 179
77 180
77 181
77 185
77 191
77 194
77 195
77 197
78 82
78 85
78 86
78 88
78 89
78 92
78 94
78 95
78 98
78 102
78 104
78 106
78 107
78 109
78 110
78 112
78 114
78 115
78 116
78 118
78 119
78 120
78 121
78 123
78 124
78 125
78 127
78 128
78 129
78 131
78 133
78 136
78 138
78 139
78 144
78 145
78 146
78 148
78 149
78 150
78 151
78 153
78 154
78 157
78 159
78 160
78 161
78 162
78 164
78 166
78 167
78 168
78 169
78 171
78 173
78 176
78 177
78 178
78 179
78 182
78 183
78 185
78 187
78 190
78 194
78 197
78 199
79 81
79 84
79 85
79 86
79 89
79 90
79 91
79 94
79 96
79 98
79 99
79 102
79 104
79 106
79 107
79 108
79 109
79 110
79 111
79 112
79 113
79 114
79 121
79 122
79 123
79 125
79 129
79 130
79 132
79 133
79 135
79 137
79 138
79 143
79 145
79 146
79 151
79 154
79 155
79 156
79 163
79 164
79 165
79 167
79 168
79 169
79 170
79 171
79 175
79 177
79 181
79 182
79 184
79 185
79 186
79 190
79 191
79 192
79 194
79 197
79 198
80 81
80 84
80 86
80 87
80 90
80 91
80 95
80 99
80 100
80 101
80 103
80 108
80 110
80 111
80 113
80 116
80 117
80 118
80 121
80 122
80 123
80 124
80 127
80 130
80 133
80 139
80 143
80 144
80 148
80 150
80 153
80 156
80 157
80 158
80 160
80 164
80 168
80 169
80 171
80 172
80 173
80 177
80 178
80 190
80 192
80 195
80 196
80 198
81 82
81 83
81 85
81 87
81 91
81 93
81 98
81 99
81 103
81 104
81 105
81 106
81 108
81 110
81 112
81 113
81 118
81 119
81 123
81 124
81 125
81 126
81 127
81 129
81 131
81 132
81 133
81 134
81 136
81 137
81 141
81 142
81 143
81 145
81 146
81 147
81 148
81 149
81 151
81 153
81 154
81 155
81 156
81 157
81 160
81 161
81 164
81 165
81 167
81 168
81 169
81 170
81 171
81 173
81 175
81 178
81 179
81 182
81 184
81 185
81 187
81 190
81 192
81 193
81 196
82 84
82 85
82 86
82 88
82 95
82 99
82 101
82 103
82 104
82 105
82 106
82 109
82 110
82 112
82 114
82 118
82 120
82 121
82 123
82 127
82 128
82 129
82 130
82 131
82 134
82 136
82 138
82 139
82 142
82 144
82 147
82 149
82 150
82 151
82 153
82 162
82 165
82 166
82 169
82 170
82 171
82 173
82 174
82 175
82 183
82 184
82 187
82 190
82 191
82 193
82 194
82 199
83 84
83 85
83 86
83 87
83 90
83 94
83 95
83 103
83 105
83 108
83 109
83 111
83 112
83 115
83 117
83 119
83 122
83 125
83 126
83 127
83 132
83 133
83 134
83 137
83 138
83 141
83 145
83 146
83 148
83 150
83 151
83 152
83 153
83 154
83 156
83 157
83 159
83 163
83 165
83 166
83 167
83 168
83 175
83 176
83 177
83 178
83 179
83 180
83 181
83 183
83 184
83 185
83 187
83 189
83 190
83 194
83 195
83 196
84 85
84 86
84 87
84 89
84 93
84 95
84 96
84 98
84 100
84 102
84 103
84 104
84 108
84 109
84 111
84 114
84 115
84 116
84 118
84 120
84 121
84 123
84 124
84 126
84 128
84 129
84 130
84 131
84 133
84 134
84 137
84 138
84 140
84 141
84 142
84 143
84 144
84 147
84 148
84 149
84 150
84 151
84 154
84 157
84 158
84 159
84 162
84 163
84 164
84 167
84 168
84 170
84 171
84 172
84 173
84 174
84 176
84 179
84 183
84 188
84 191
84 192
84 194
84 195
84 196
84 198
84 199
85 88
85 92
85 94
85 95
85 96
85 97
85 98
85 99
85 101
85 102
85 104
85 106
85 108
85 112
85 113
85 114
85 115
85 116
85 117
85 119
85 123
85 124
85 125
85 126
85 129
85 131
85 132
85 133
85 134
85 135
85 136
85 138
85 139
85 145
85 147
85 149
85 152
85 153
85 155
85 158
85 159
85 160
85 164
85 166
85 167
85 168
85 169
85 171
85 172
85 173
85 175
85 176
85 178
85 180
85 181
85 183
85 185
85 188
85 191
85 193
85 194
85 197
86 89
86 90
86 93
86 95
86 96
86 98
86 99
86 100
86 101
86 103
86 106
86 111
86 113
86 116
86 117
86 123
86 124
86 125
86 128
86 132
86 137
86 141
86 144
86 145
86 147
86 148
86 149
86 150
86 152
86 156
86 157
86 162
86 163
86 165
86 169
86 170
86 171
86 172
86 173
86 174
86 179
86 181
86 183
86 186
86 187
86 191
86 192
86 193
86 194
86 198
86 199
87 88
87 89
87 90
87 91
87 92
87 93
87 94
87 95
87 96
87 97
87 98
87 100
87 106
87 107
87 109
87 110
87 111
87 113
87 114
87 118
87 120
87 122
87 123
87 128
87 129
87 130
87 131
87 135
87 139
87 141
87 143
87 144
87 145
87 147
87 151
87 153
87 155
87 156
87 158
87 161
87 165
87 166
87 172
87 174
87 177
87 178
87 183
87 184
87 185
87 187
87 188
87 190
87 192
87 194
87 195
87 197
87 198
87 199
88 89
88 92
88 95
88 99
88 104
88 105
88 106
88 109
88 111
88 114
88 117
88 119
88 121
88 122
88 123
88 127
88 129
88 131
88 133
88 136
88 138
88 140
88 141
88 142
88 143
88 145
88 147
88 151
88 155
88 156
88 157
88 159
88 161
88 168
88 169
88 172
88 173
88 174
88 177
88 178
88 179
88 180
88 188
88 190
88 191
88 192
88 196
88 197
88 198
88 199
89 90
89 92
89 93
89 96
89 98
89 100
89 105
89 106
89 107
89 108
89 109
89 111
89 115
89 116
89 118
89 119
89 121
89 123
89 125
89 126
89 128
89 129
89 132
89 133
89 135
89 136
89 137
89 138
89 142
89 146
89 149
89 150
89 158
89 159
89 160
89 162
89 164
89 167
89 169
89 172
89 173
89 174
89 175
89 176
89 177
89 178
89 179
89 185
89 186
89 188
89 189
89 190
89 191
89 192
89 193
89 196
89 197
89 199
90 92
90 93
90 94
90 95
90 96
90 99
90 100
90 101
90 102
90 103
90 110
90 113
90 114
90 115
90 116
90 117
90 118
90 121
90 122
90 123
90 127
90 129
90 131
90 134
90 135
90 136
90 137
90 138
90 144
90 146
90 150
90 151
90 154
90 155
90 157
90 158
90 160
90 161
90 163
90 170
90 174
90 177
90 179
90 181
90 183
90 184
90 186
90 188
90 192
90 194
90 196
90 199
91 92
91 94
91 96
91 99
91 101
91 102
91 105
91 108
91 110
91 111
91 112
91 113
91 115
91 116
91 118
91 119
91 120
91 122
91 123
91 125
91 127
91 128
91 129
91 130
91 133
91 134
91 138
91 139
91 142
91 143
91 144
91 145
91 146
91 149
91 152
91 153
91 155
91 158
91 163
91 164
91 169
91 171
91 175
91 176
91 177
91 184
91 185
91 188
91 191
91 192
91 195
92 96
92 97
92 98
92 101
92 102
92 103
92 104
92 108
92 111
92 116
92 119
92 120
92 121
92 122
92 123
92 124
92 127
92 128
92 129
92 130
92 131
92 132
92 134
92 135
92 136
92 137
92 140
92 142
92 147
92 148
92 151
92 153
92 154
92 156
92 158
92 162
92 165
92 166
92 168
92 169
92 170
92 172
92 174
92 175
92 176
92 179
92 183
92 184
92 185
92 186
92 187
92 188
92 189
92 190
92 193
92 195
92 197
92 198
93 96
93 99
93 102
93 103
93 104
93 106
93 107
93 108
93 110
93 112
93 113
93 114
93 115
93 118
93 119
93 120
93 121
93 124
93 127
93 128
93 129
93 131
93 132
93 134
93 136
93 137
93 138
93 139
93 140
93 141
93 143
93 144
93 145
93 146
93 147
93 154
93 155
93 157
93 158
93 159
93 162
93 163
93 164
93 166
93 168
93 169
93 170
93 172
93 175
93 176
93 178
93 182
93 183
93 184
93 186
93 189
93 190
93 191
93 192
93 194
93 195
93 196
93 197
93 198
94 96
94 98
94 100
94 101
94 102
94 105
94 106
94 111
94 115
94 116
94 117
94 119
94 121
94 122
94 123
94 125
94 128
94 129
94 131
94 132
94 136
94 138
94 140
94 141
94 143
94 151
94 153
94 155
94 159
94 162
94 163
94 166
94 167
94 170
94 171
94 172
94 174
94 182
94 184
94 185
94 189
94 191
94 193
94 194
94 196
94 198
95 97
95 98
95 100
95 102
95 103
95 104
95 109
95 110
95 111
95 116
95 118
95 125
95 127
95 129
95 132
95 133
95 134
95 135
95 137
95 138
95 140
95 142
95 143
95 144
95 145
95 146
95 147
95 150
95 151
95 152
95 154
95 155
95 161
95 163
95 164
95 166
95 168
95 171
95 173
95 175
95 179
95 184
95 185
95 186
95 187
95 193
95 195
95 196
95 197
95 198
95 199
96 97
96 100
96 101
96 103
96 104
96 105
96 106
96 107
96 109
96 110
96 111
96 112
96 114
96 115
96 116
96 117
96 118
96 119
96 122
96 124
96 125
96 133
96 134
96 136
96 137
96 138
96 141
96 142
96 143
96 144
96 145
96 146
96 147
96 150
96 152
96 154
96 156
96 158
96 160
96 161
96 162
96 163
96 164
96 165
96 168
96 169
96 170
96 171
96 172
96 173
96 176
96 177
96 178
96 179
96 182
96 184
96 185
96 190
96 193
96 196
96 197
97 98
97 99
97 101
97 103
97 104
97 105
97 106
97 107
97 112
97 117
97 118
97 119
97 121
97 124
97 126
97 127
97 129
97 131
97 134
97 136
97 138
97 140
97 142
97 144
97 145
97 146
97 147
97 148
97 149
97 150
97 151
97 152
97 153
97 154
97 155
97 159
97 160
97 161
97 167
97 172
97 173
97 174
97 177
97 178
97 179
97 181
97 182
97 183
97 184
97 185
97 188
97 190
97 191
97 193
97 197
97 199
98 101
98 103
98 111
98 114
98 115
98 117
98 122
98 123
98 124
98 125
98 127
98 128
98 133
98 135
98 137
98 139
98 140
98 144
98 149
98 150
98 154
98 155
98 156
98 159
98 164
98 165
98 166
98 167
98 169
98 170
98 171
98 173
98 175
98 176
98 177
98 179
98 183
98 185
98 187
98 190
98 192
98 193
98 194
98 196
98 197
98 198
98 199
99 100
99 101
99 104
99 105
99 107
99 109
99 110
99 111
99 113
99 114
99 115
99 117
99 119
99 122
99 125
99 130
99 132
99 133
99 134
99 135
99 136
99 137
99 138
99 140
99 141
99 142
99 145
99 146
99 148
99 149
99 150
99 151
99 152
99 153
99 155
99 156
99 158
99 160
99 164
99 166
99 169
99 170
99 172
99 175
99 176
99 181
99 182
99 184
99 186
99 187
99 189
99 191
99 194
99 195
99 196
100 106
100 108
100 110
100 113
100 114
100 116
100 119
100 120
100 130
100 134
100 136
100 137
100 138
100 139
100 140
100 142
100 146
100 147
100 149
100 152
100 153
100 154
100 155
100 158
100 160
100 161
100 162
100 170
100 171
100 172
100 173
100 174
100 175
100 176
100 178
100 181
100 182
100 184
100 188
100 189
100 191
100 192
100 194
100 195
100 198
100 199
101 102
101 103
101 104
101 106
101 113
101 115
101 116
101 119
101 122
101 123
101 126
101 130
101 131
101 133
101 135
101 136
101 137
101 143
101 146
101 148
101 149
101 153
101 155
101 156
101 157
101 159
101 160
101 162
101 163
101 164
101 170
101 171
101 172
101 177
101 180
101 182
101 183
101 185
101 186
101 187
101 189
101 190
101 192
101 193
101 199
102 103
102 104
102 106
102 108
102 111
102 112
102 116
102 119
102 122
102 123
102 126
102 130
102 134
102 136
102 139
102 141
102 147
102 148
102 149
102 153
102 155
102 156
102 157
102 161
102 162
102 163
102 164
102 167
102 170
102 171
102 173
102 177
102 178
102 179
102 180
102 181
102 183
102 184
102 185
102 187
102 191
102 192
102 193
102 194
102 195
102 196
102 198
103 104
103 106
103 107
103 108
103 113
103 115
103 118
103 119
103 122
103 123
103 126
103 127
103 128
103 129
103 133
103 134
103 137
103 140
103 141
103 143
103 148
103 149
103 150
103 151
103 154
103 155
103 156
103 157
103 158
103 159
103 161
103 165
103 166
103 167
103 169
103 170
103 171
103 172
103 173
103 174
103 178
103 180
103 186
103 188
103 192
103 196
103 197
103 198
104 106
104 107
104 108
104 109
104 111
104 112
104 114
104 119
104 123
104 124
104 126
104 127
104 130
104 131
104 132
104 133
104 134
104 135
104 138
104 139
104 145
104 147
104 150
104 153
104 156
104 159
104 160
104 162
104 163
104 165
104 168
104 172
104 173
104 177
104 180
104 181
104 182
104 183
104 185
104 187
104 188
104 189
104 190
104 192
104 193
104 194
104 195
104 196
105 107
105 109
105 110
105 111
105 112
105 115
105 117
105 122
105 123
105 124
105 132
105 134
105 137
105 139
105 141
105 146
105 150
105 152
105 154
105 155
105 157
105 159
105 160
105 161
105 165
105 167
105 168
105 169
105 170
105 174
105 175
105 176
105 177
105 179
105 185
105 186
105 188
105 190
105 191
105 192
105 194
106 109
106 111
106 112
106 113
106 115
106 116
106 117
106 118
106 119
106 121
106 124
106 125
106 126
106 128
106 130
106 134
106 136
106 138
106 140
106 141
106 144
106 145
106 146
106 148
106 149
106 150
106 151
106 153
106 155
106 157
106 159
106 160
106 161
106 162
106 164
106 166
106 168
106 171
106 172
106 173
106 174
106 177
106 178
106 179
106 182
106 183
106 189
106 190
106 191
106 193
106 194
106 195
106 196
106 197
106 199
107 110
107 116
107 119
107 122
107 123
107 124
107 125
107 127
107 129
107 130
107 131
107 133
107 134
107 136
107 137
107 140
107 142
107 143
107 144
107 147
107 150
107 153
107 155
107 156
107 157
107 160
107 161
107 163
107 165
107 166
107 168
107 171
107 172
107 173
107 175
107 177
107 178
107 180
107 181
107 182
107 184
107 185
107 188
107 191
107 192
107 193
107 197
107 199
108 110
108 111
108 113
108 114
108 116
108 117
108 120
108 121
108 126
108 130
108 132
108 133
108 134
108 135
108 137
108 139
108 140
108 145
108 149
108 150
108 151
108 153
108 154
108 157
108 163
108 171
108 173
108 176
108 177
108 178
108 182
108 185
108 187
108 189
108 191
108 192
108 194
108 195
108 196
109 110
109 112
109 116
109 120
109 121
109 124
109 125
109 127
109 128
109 132
109 133
109 134
109 139
109 140
109 141
109 142
109 143
109 145
109 146
109 147
109 151
109 153
109 154
109 155
109 157
109 158
109 162
109 163
109 164
109 165
109 166
109 171
109 172
109 176
109 178
109 179
109 180
109 181
109 184
109 186
109 190
109 192
109 196
109 197
109 198
109 199
110 111
110 114
110 116
110 117
110 119
110 121
110 122
110 125
110 126
110 127
110 130
110 134
110 136
110 137
110 139
110 140
110 141
110 144
110 145
110 146
110 147
110 148
110 149
110 150
110 151
110 152
110 153
110 157
110 160
110 162
110 163
110 164
110 168
110 169
110 171
110 173
110 175
110 177
110 178
110 179
110 180
110 188
110 189
110 191
110 192
110 194
110 195
110 196
110 199
111 114
111 116
111 117
111 125
111 126
111 128
111 129
111 133
111 136
111 138
111 139
111 140
111 141
111 143
111 145
111 150
111 152
111 154
111 156
111 157
111 159
111 161
111 163
111 164
111 165
111 166
111 168
111 169
111 170
111 171
111 172
111 173
111 174
111 177
111 178
111 180
111 183
111 184
111 185
111 187
111 189
111 190
111 192
111 197
111 198
111 199
112 113
112 116
112 117
112 119
112 122
112 123
112 124
112 126
112 131
112 134
112 135
112 136
112 138
112 140
112 144
112 147
112 148
112 150
112 151
112 153
112 157
112 159
112 161
112 162
112 164
112 167
112 168
112 169
112 170
112 173
112 174
112 175
112 176
112 178
112 179
112 180
112 182
112 185
112 187
112 188
112 192
112 193
112 194
112 195
112 196
112 198
112 199
113 115
113 116
113 118
113 120
113 125
113 126
113 128
113 130
113 132
113 134
113 135
113 138
113 139
113 144
113 151
113 157
113 159
113 162
113 164
113 165
113 167
113 169
113 176
113 179
113 181
113 182
113 183
113 184
113 186
113 188
113 189
113 194
113 195
113 196
113 197
113 198
114 118
114 119
114 120
114 121
114 123
114 124
114 130
114 131
114 132
114 133
114 134
114 136
114 138
114 139
114 140
114 141
114 144
114 146
114 151
114 155
114 158
114 160
114 166
114 170
114 173
114 176
114 177
114 180
114 186
114 188
114 189
114 191
114 192
114 194
114 195
114 197
114 198
115 117
115 118
115 119
115 122
115 127
115 130
115 131
115 136
115 138
115 140
115 141
115 147
115 149
115 150
115 154
115 155
115 158
115 161
115 163
115 165
115 166
115 169
115 171
115 172
115 175
115 177
115 179
115 181
115 182
115 185
115 190
115 194
115 195
115 197
115 198
116 117
116 121
116 122
116 123
116 125
116 126
116 135
116 136
116 137
116 138
116 139
116 142
116 144
116 145
116 148
116 149
116 154
116 155
116 157
116 159
116 163
116 164
116 166
116 168
116 169
116 170
116 171
116 174
116 175
116 178
116 179
116 180
116 181
116 183
116 184
116 185
116 186
116 187
116 192
116 194
116 195
116 196
116 197
116 199
117 118
117 119
117 120
117 122
117 124
117 126
117 133
117 134
117 135
117 136
117 137
117 139
117 140
117 142
117 143
117 147
117 150
117 151
117 156
117 158
117 159
117 161
117 164
117 165
117 169
117 170
117 172
117 173
117 181
117 182
117 184
117 185
117 187
117 191
117 192
117 193
117 194
117 195
117 196
117 197
117 198
118 120
118 121
118 123
118 125
118 126
118 133
118 134
118 135
118 139
118 140
118 141
118 143
118 146
118 149
118 150
118 152
118 154
118 155
118 158
118 160
118 164
118 165
118 168
118 170
118 171
118 173
118 174
118 176
118 178
118 179
118 180
118 181
118 185
118 186
118 188
118 189
118 191
118 193
118 194
118 196
118 199
119 120
119 124
119 129
119 130
119 132
119 133
119 136
119 137
119 138
119 140
119 142
119 146
119 152
119 154
119 155
119 157
119 158
119 159
119 161
119 162
119 164
119 170
119 172
119 174
119 175
119 176
119 177
119 178
119 180
119 182
119 183
119 184
119 185
119 187
119 188
119 190
119 191
119 192
119 194
119 195
119 197
119 198
119 199
120 122
120 123
120 124
120 126
120 129
120 130
120 131
120 136
120 137
120 138
120 139
120 140
120 142
120 144
120 145
120 146
120 148
120 149
120 150
120 151
120 154
120 156
120 161
120 162
120 164
120 165
120 167
120 168
120 169
120 171
120 178
120 179
120 180
120 182
120 185
120 188
120 189
120 190
120 191
120 194
120 195
120 196
120 199
121 122
121 125
121 126
121 128
121 130
121 131
121 132
121 133
121 134
121 135
121 136
121 137
121 138
121 140
121 147
121 148
121 149
121 150
121 153
121 156
121 157
121 161
121 162
121 163
121 165
121 168
121 169
121 170
121 171
121 172
121 173
121 174
121 176
121 177
121 178
121 179
121 181
121 182
121 184
121 185
121 186
121 188
121 189
121 191
121 194
121 196
121 197
121 198
122 123
122 125
122 126
122 129
122 130
122 131
122 132
122 133
122 136
122 138
122 139
122 140
122 144
122 145
122 146
122 147
122 151
122 152
122 154
122 155
122 158
122 159
122 160
122 161
122 163
122 164
122 168
122 170
122 172
122 177
122 178
122 180
122 181
122 183
122 186
122 187
122 188
122 189
122 192
122 193
122 194
122 197
122 199
123 124
123 125
123 126
123 127
123 129
123 130
123 131
123 132
123 134
123 135
123 137
123 138
123 141
123 143
123 146
123 149
123 154
123 156
123 157
123 159
123 163
123 164
123 165
123 167
123 170
123 171
123 173
123 175
123 178
123 179
123 182
123 183
123 186
123 188
123 190
123 192
123 193
123 195
123 196
123 197
123 199
124 126
124 128
124 129
124 136
124 137
124 138
124 139
124 142
124 146
124 148
124 149
124 150
124 152
124 154
124 155
124 157
124 158
124 159
124 160
124 161
124 162
124 164
124 165
124 168
124 169
124 173
124 177
124 179
124 180
124 181
124 187
124 190
124 195
124 196
125 126
125 128
125 130
125 132
125 134
125 135
125 138
125 140
125 141
125 142
125 145
125 146
125 148
125 150
125 152
125 154
125 155
125 156
125 157
125 158
125 159
125 160
125 165
125 169
125 172
125 174
125 175
125 176
125 177
125 179
125 182
125 183
125 184
125 186
125 188
125 190
125 193
126 128
126 133
126 141
126 143
126 144
126 148
126 149
126 150
126 152
126 153
126 156
126 160
126 161
126 162
126 163
126 164
126 166
126 167
126 168
126 169
126 171
126 172
126 173
126 174
126 175
126 176
126 179
126 183
126 187
126 191
126 195
126 198
126 199
127 128
127 129
127 130
127 131
127 139
127 140
127 143
127 144
127 145
127 150
127 151
127 152
127 153
127 154
127 155
127 160
127 162
127 164
127 168
127 169
127 170
127 172
127 174
127 175
127 177
127 183
127 189
127 190
127 191
127 194
127 195
127 199
128 129
128 130
128 131
128 133
128 134
128 136
128 138
128 140
128 142
128 143
128 149
128 150
128 151
128 152
128 153
128 158
128 163
128 164
128 165
128 166
128 167
128 168
128 169
128 171
128 172
128 173
128 174
128 175
128 176
128 177
128 178
128 179
128 181
128 183
128 184
128 185
128 186
128 187
128 192
128 193
128 194
128 195
128 198
128 199
129 130
129 131
129 132
129 134
129 138
129 139
129 140
129 141
129 142
129 147
129 148
129 151
129 155
129 160
129 161
129 166
129 167
129 170
129 172
129 174
129 176
129 183
129 186
129 191
129 194
129 195
129 196
129 197
129 199
130 131
130 132
130 133
130 135
130 137
130 139
130 140
130 141
130 146
130 147
130 149
130 150
130 151
130 154
130 156
130 157
130 159
130 161
130 166
130 169
130 173
130 174
130 175
130 177
130 180
130 183
130 184
130 185
130 186
130 188
130 192
130 195
130 196
130 197
130 199
131 132
131 135
131 138
131 142
131 143
131 144
131 146
131 149
131 154
131 155
131 157
131 160
131 162
131 163
131 164
131 165
131 167
131 168
131 171
131 175
131 180
131 181
131 184
131 185
131 193
131 194
131 195
131 196
131 197
131 198
132 134
132 135
132 136
132 138
132 139
132 140
132 141
132 142
132 145
132 146
132 148
132 150
132 154
132 156
132 159
132 161
132 164
132 167
132 169
132 172
132 175
132 177
132 178
132 179
132 180
132 181
132 182
132 184
132 188
132 191
132 195
132 199
133 134
133 136
133 138
133 139
133 140
133 141
133 143
133 149
133 150
133 151
133 153
133 155
133 156
133 157
133 158
133 162
133 163
133 164
133 165
133 170
133 173
133 174
133 176
133 178
133 181
133 184
133 185
133 187
133 188
133 189
133 193
133 195
133 196
133 198
134 138
134 140
134 141
134 146
134 150
134 152
134 155
134 156
134 157
134 158
134 161
134 162
134 163
134 164
134 165
134 170
134 171
134 176
134 178
134 179
134 180
134 181
134 183
134 185
134 186
134 187
134 188
134 190
134 192
134 193
134 196
134 197
135 137
135 138
135 143
135 144
135 145
135 148
135 149
135 150
135 151
135 153
135 154
135 155
135 158
135 159
135 160
135 161
135 162
135 164
135 166
135 168
135 169
135 171
135 172
135 174
135 175
135 176
135 184
135 187
135 188
135 190
135 191
135 192
135 193
135 198
135 199
136 137
136 138
136 139
136 141
136 144
136 145
136 146
136 148
136 149
136 150
136 153
136 157
136 160
136 161
136 166
136 168
136 169
136 170
136 171
136 172
136 179
136 181
136 183
136 185
136 186
136 187
136 188
136 189
136 192
136 193
136 195
136 196
136 197
136 198
137 138
137 139
137 141
137 144
137 146
137 148
137 150
137 152
137 158
137 162
137 165
137 168
137 169
137 170
137 173
137 174
137 175
137 176
137 177
137 178
137 179
137 182
137 183
137 184
137 187
137 191
137 193
137 198
138 139
138 140
138 141
138 144
138 145
138 146
138 147
138 148
138 149
138 150
138 152
138 156
138 159
138 160
138 162
138 163
138 164
138 166
138 167
138 168
138 169
138 170
138 171
138 176
138 178
138 181
138 186
138 187
138 189
138 191
138 192
138 193
138 198
139 140
139 143
139 146
139 148
139 150
139 151
139 152
139 153
139 163
139 165
139 167
139 168
139 170
139 172
139 173
139 174
139 175
139 176
139 177
139 180
139 181
139 182
139 183
139 184
139 185
139 186
139 187
139 188
139 191
139 192
139 194
139 198
139 199
140 143
140 145
140 147
140 148
140 149
140 151
140 153
140 155
140 157
140 159
140 160
140 162
140 164
140 166
140 170
140 172
140 173
140 176
140 178
140 179
140 180
140 182
140 183
140 184
140 189
140 191
140 194
140 195
141 143
141 145
141 148
141 149
141 150
141 151
141 152
141 153
141 154
141 156
141 157
141 158
141 159
141 160
141 163
141 164
141 167
141 169
141 170
141 174
141 175
141 176
141 180
141 182
141 184
141 185
141 186
141 187
141 189
141 190
141 191
141 192
141 193
141 195
141 198
142 144
142 147
142 148
142 150
142 152
142 154
142 160
142 162
142 163
142 165
142 166
142 173
142 174
142 178
142 180
142 182
142 186
142 187
142 188
142 190
142 191
142 192
142 194
142 195
143 145
143 146
143 148
143 149
143 151
143 152
143 153
143 154
143 156
143 160
143 161
143 171
143 172
143 173
143 176
143 177
143 181
143 183
143 188
143 191
143 193
143 199
144 145
144 148
144 151
144 152
144 153
144 154
144 155
144 156
144 158
144 159
144 160
144 161
144 162
144 163
144 165
144 166
144 168
144 169
144 172
144 173
144 174
144 175
144 177
144 179
144 182
144 183
144 185
144 187
144 189
144 194
144 198
145 148
145 150
145 151
145 156
145 158
145 162
145 165
145 167
145 168
145 169
145 170
145 171
145 172
145 174
145 175
145 176
145 178
145 180
145 183
145 186
145 190
145 193
145 195
145 198
145 199
146 155
146 157
146 158
146 160
146 163
146 164
146 170
146 171
146 172
146 173
146 175
146 177
146 179
146 180
146 181
146 182
146 183
146 186
146 187
146 188
146 189
146 190
146 191
146 192
146 194
146 196
146 198
147 148
147 151
147 152
147 153
147 157
147 159
147 160
147 161
147 162
147 168
147 171
147 176
147 178
147 179
147 181
147 183
147 184
147 186
147 187
147 188
147 190
147 193
147 197
148 149
148 152
148 153
148 156
148 157
148 160
148 161
148 162
148 166
148 167
148 168
148 169
148 170
148 172
148 173
148 181
148 182
148 183
148 184
148 185
148 188
148 190
148 191
148 192
148 193
148 195
148 196
148 197
149 158
149 159
149 161
149 163
149 164
149 165
149 167
149 169
149 171
149 173
149 174
149 176
149 179
149 180
149 183
149 190
149 198
150 151
150 152
150 153
150 155
150 158
150 159
150 160
150 163
150 164
150 168
150 172
150 173
150 176
150 184
150 185
150 187
150 190
150 191
150 192
150 194
150 195
150 196
150 198
150 199
151 153
151 155
151 157
151 159
151 160
151 161
151 163
151 164
151 165
151 166
151 169
151 172
151 174
151 175
151 176
151 179
151 180
151 181
151 184
151 185
151 186
151 188
151 189
151 191
151 192
151 194
151 195
151 196
151 197
151 198
152 153
152 155
152 156
152 158
152 160
152 167
152 168
152 169
152 174
152 177
152 180
152 181
152 183
152 184
152 185
152 188
152 190
152 191
152 193
152 194
152 198
152 199
153 154
153 155
153 156
153 157
153 159
153 161
153 168
153 170
153 172
153 174
153 175
153 176
153 177
153 182
153 185
153 186
153 187
153 188
153 192
153 197
154 155
154 157
154 158
154 162
154 163
154 164
154 167
154 168
154 172
154 173
154 175
154 177
154 181
154 183
154 184
154 186
154 187
154 188
154 189
154 190
154 191
154 193
154 195
155 158
155 160
155 163
155 165
155 168
155 171
155 173
155 180
155 185
155 188
155 189
155 190
155 191
155 192
155 193
155 194
155 195
155 199
156 157
156 158
156 160
156 161
156 162
156 163
156 164
156 165
156 166
156 168
156 173
156 174
156 175
156 178
156 180
156 182
156 183
156 184
156 186
156 187
156 188
156 191
156 193
156 194
156 195
156 197
156 198
156 199
157 159
157 161
157 163
157 164
157 168
157 170
157 171
157 173
157 175
157 177
157 178
157 180
157 181
157 185
157 188
157 190
157 192
157 193
157 195
157 196
158 160
158 162
158 165
158 166
158 167
158 168
158 171
158 174
158 175
158 177
158 179
158 181
158 183
158 185
158 188
158 191
158 192
158 195
158 197
158 199
159 160
159 162
159 163
159 164
159 167
159 172
159 173
159 174
159 175
159 176
159 177
159 181
159 182
159 189
159 194
160 162
160 165
160 166
160 167
160 169
160 171
160 173
160 176
160 177
160 178
160 179
160 180
160 182
160 183
160 184
160 185
160 194
160 195
160 196
160 199
161 162
161 165
161 166
161 167
161 173
161 175
161 179
161 181
161 182
161 183
161 184
161 185
161 186
161 189
161 190
161 194
161 196
161 197
162 163
162 165
162 166
162 167
162 169
162 171
162 172
162 173
162 175
162 176
162 177
162 178
162 182
162 183
162 184
162 185
162 186
162 189
162 190
162 192
162 193
162 196
162 197
163 164
163 165
163 168
163 171
163 172
163 176
163 177
163 178
163 179
163 187
163 188
163 189
163 191
163 192
163 193
163 194
163 196
163 198
164 165
164 166
164 168
164 169
164 170
164 171
164 174
164 179
164 180
164 181
164 182
164 183
164 189
164 192
164 195
164 197
164 198
165 166
165 167
165 169
165 172
165 173
165 174
165 176
165 179
165 180
165 181
165 182
165 183
165 184
165 185
165 187
165 191
165 194
165 195
165 196
165 197
166 167
166 168
166 169
166 171
166 174
166 176
166 179
166 184
166 187
166 190
166 191
166 192
166 193
166 195
166 196
166 197
166 198
166 199
167 168
167 170
167 171
167 175
167 176
167 177
167 178
167 182
167 183
167 184
167 187
167 191
167 192
167 194
167 198
168 169
168 170
168 174
168 176
168 177
168 179
168 180
168 184
168 192
168 193
168 195
168 197
168 198
168 199
169 170
169 171
169 172
169 173
169 174
169 177
169 179
169 180
169 182
169 183
169 184
169 189
169 192
169 193
169 194
169 196
169 197
169 198
169 199
170 171
170 175
170 177
170 178
170 179
170 180
170 183
170 184
170 185
170 187
170 189
170 190
170 192
170 194
170 195
170 196
170 198
170 199
171 172
171 173
171 177
171 178
171 179
171 180
171 181
171 182
171 183
171 184
171 187
171 192
171 193
171 194
171 195
171 196
171 197
171 198
172 175
172 176
172 177
172 181
172 182
172 185
172 186
172 187
172 189
172 190
172 195
172 198
173 176
173 177
173 178
173 180
173 181
173 182
173 183
173 185
173 186
173 187
173 189
173 191
173 196
173 199
174 176
174 179
174 186
174 187
174 189
174 191
174 193
174 194
174 195
174 196
174 197
174 198
174 199
175 177
175 180
175 181
175 182
175 185
175 187
175 189
175 192
175 193
175 194
175 195
175 197
175 198
175 199
176 177
176 180
176 184
176 185
176 186
176 187
176 189
176 191
176 195
176 197
176 199
177 178
177 180
177 181
177 183
177 184
177 189
177 190
177 191
177 195
177 196
177 197
177 198
177 199
178 180
178 183
178 187
178 188
178 191
178 192
178 196
178 198
178 199
179 180
179 181
179 182
179 186
179 189
179 190
179 191
179 192
179 194
179 196
180 185
180 187
180 189
180 191
180 195
180 197
180 198
181 183
181 184
181 185
181 186
181 189
181 191
181 193
181 194
181 195
182 183
182 184
182 185
182 186
182 187
182 190
182 191
182 193
182 195
182 196
183 184
183 189
183 190
183 191
183 196
183 199
184 188
184 190
184 191
184 192
184 193
184 197
184 199
185 192
185 194
185 195
185 196
185 199
186 188
186 191
186 192
186 195
186 196
186 197
187 190
187 191
187 193
187 194
187 195
187 196
187 198
187 199
188 192
188 194
188 197
189 194
189 195
189 196
189 198
190 193
190 196
190 199
191 192
191 194
191 195
191 196
191 197
191 198
192 194
192 196
192 197
192 199
193 194
193 197
193 199
194 195
194 196
194 198
195 198
196 198
196 199
198 199
