200
0 7
0 9
0 11
0 15
0 16
0 18
0 19
0 29
0 34
0 38
0 43
0 44
0 46
0 50
0 63
0 66
0 67
0 76
0 81
0 87
0 88
0 89
0 90
0 91
0 92
0 103
0 109
0 114
0 119
0 121
0 123
0 125
0 126
0 127
0 129
0 130
0 131
0 136
0 139
0 140
0 141
0 142
0 146
0 148
0 150
0 160
0 161
0 162
0 168
0 172
0 173
0 180
0 191
0 193
0 194
0 195
0 197
1 3
1 5
1 6
1 7
1 8
1 9
1 13
1 15
1 17
1 21
1 22
1 27
1 35
1 45
1 46
1 51
1 53
1 61
1 65
1 66
1 69
1 74
1 75
1 82
1 91
1 94
1 107
1 110
1 122
1 126
1 131
1 132
1 133
1 134
1 135
1 137
1 143
1 146
1 147
1 150
1 159
1 162
1 164
1 171
1 173
1 174
1 189
1 197
2 12
2 13
2 14
2 18
2 24
2 37
2 38
2 50
2 52
2 59
2 63
2 75
2 76
2 77
2 79
2 81
2 88
2 90
2 91
2 92
2 93
2 98
2 102
2 105
2 107
2 108
2 115
2 118
2 120
2 131
2 137
2 138
2 140
2 141
2 146
2 147
2 151
2 154
2 155
2 156
2 158
2 164
2 169
2 178
2 185
2 186
2 194
3 8
3 10
3 11
3 16
3 18
3 21
3 24
3 28
3 32
3 36
3 43
3 49
3 53
3 54
3 78
3 81
3 89
3 90
3 93
3 95
3 101
3 102
3 104
3 110
3 111
3 114
3 123
3 124
3 131
3 132
3 133
3 137
3 139
3 145
3 148
3 154
3 159
3 161
3 166
3 176
3 177
3 182
4 9
4 12
4 19
4 21
4 24
4 25
4 27
4 29
4 33
4 36
4 38
4 40
4 42
4 43
4 49
4 51
4 52
4 69
4 70
4 71
4 72
4 74
4 76
4 81
4 84
4 99
4 102
4 107
4 108
4 109
4 117
4 121
4 126
4 129
4 136
4 142
4 144
4 147
4 149
4 153
4 159
4 160
4 165
4 168
4 169
4 171
4 174
4 175
4 179
4 181
4 186
4 189
4 196
4 199
5 6
5 19
5 22
5 26
5 27
5 34
5 35
5 37
5 40
5 43
5 48
5 50
5 53
5 54
5 58
5 59
5 61
5 64
5 68
5 72
5 76
5 77
5 78
5 85
5 93
5 95
5 97
5 101
5 103
5 108
5 117
5 122
5 126
5 130
5 132
5 135
5 138
5 144
5 146
5 147
5 162
5 166
5 175
5 176
5 179
5 185
5 187
5 192
5 193
5 195
5 197
6 9
6 10
6 20
6 24
6 28
6 31
6 33
6 41
6 50
6 51
6 53
6 58
6 60
6 68
6 69
6 74
6 78
6 81
6 82
6 83
6 84
6 86
6 99
6 100
6 103
6 105
6 114
6 115
6 117
6 128
6 130
6 132
6 136
6 137
6 138
6 140
6 144
6 146
6 153
6 154
6 158
6 174
6 175
6 176
6 179
6 180
6 181
6 189
6 191
6 196
6 199
7 8
7 10
7 16
7 23
7 26
7 42
7 48
7 69
7 74
7 75
7 76
7 78
7 79
7 80
7 82
7 84
7 89
7 112
7 114
7 124
7 148
7 153
7 170
7 177
7 183
7 185
7 186
7 190
8 12
8 16
8 20
8 27
8 28
8 30
8 31
8 40
8 41
8 42
8 44
8 46
8 53
8 55
8 56
8 61
8 64
8 68
8 74
8 80
8 81
8 83
8 86
8 95
8 102
8 103
8 104
8 105
8 106
8 112
8 120
8 128
8 129
8 132
8 135
8 142
8 146
8 168
8 170
8 172
8 175
8 176
8 177
8 179
8 184
8 185
8 189
8 197
8 198
9 12
9 13
9 14
9 19
9 26
9 31
9 36
9 38
9 40
9 48
9 51
9 63
9 67
9 70
9 73
9 81
9 83
9 84
9 85
9 92
9 93
9 98
9 106
9 108
9 113
9 122
9 124
9 132
9 134
9 135
9 139
9 141
9 142
9 149
9 151
9 160
9 163
9 164
9 167
9 168
9 169
9 172
9 174
9 175
9 179
9 182
9 184
9 192
9 196
9 198
10 14
10 19
10 22
10 23
10 35
10 44
10 51
10 59
10 82
10 83
10 84
10 88
10 90
10 91
10 92
10 95
10 97
10 101
10 110
10 111
10 115
10 117
10 129
10 130
10 131
10 135
10 138
10 139
10 144
10 147
10 151
10 153
10 156
10 160
10 161
10 165
10 167
10 178
10 188
10 192
10 193
10 194
10 197
11 15
11 16
11 17
11 26
11 27
11 32
11 36
11 37
11 39
11 43
11 44
11 48
11 53
11 58
11 59
11 61
11 63
11 66
11 67
11 72
11 78
11 80
11 87
11 89
11 92
11 97
11 100
11 101
11 104
11 111
11 114
11 116
11 128
11 132
11 133
11 149
11 156
11 164
11 170
11 171
11 173
11 184
11 185
11 186
11 189
11 191
11 197
11 199
12 18
12 20
12 26
12 27
12 31
12 35
12 36
12 39
12 43
12 44
12 45
12 46
12 49
12 54
12 57
12 64
12 72
12 76
12 82
12 83
12 85
12 88
12 90
12 97
12 102
12 105
12 108
12 109
12 116
12 117
12 120
12 122
12 124
12 128
12 136
12 137
12 152
12 153
12 158
12 163
12 171
12 175
12 180
12 183
12 184
12 189
12 193
13 16
13 21
13 29
13 31
13 34
13 44
13 45
13 46
13 50
13 51
13 53
13 54
13 56
13 57
13 69
13 71
13 74
13 77
13 89
13 92
13 96
13 97
13 105
13 114
13 119
13 120
13 124
13 129
13 132
13 133
13 137
13 146
13 148
13 149
13 159
13 160
13 161
13 162
13 167
13 168
13 172
13 175
13 176
13 183
13 192
13 194
13 196
13 197
13 199
14 20
14 21
14 23
14 29
14 33
14 35
14 39
14 41
14 42
14 45
14 48
14 50
14 55
14 62
14 65
14 66
14 69
14 73
14 78
14 79
14 83
14 90
14 94
14 95
14 103
14 108
14 112
14 120
14 127
14 129
14 143
14 151
14 156
14 157
14 160
14 161
14 162
14 166
14 180
14 183
14 184
14 187
14 188
14 191
15 22
15 23
15 24
15 28
15 31
15 38
15 39
15 42
15 45
15 48
15 49
15 50
15 51
15 52
15 58
15 61
15 65
15 67
15 68
15 77
15 78
15 84
15 90
15 96
15 99
15 100
15 105
15 111
15 115
15 127
15 139
15 141
15 143
15 154
15 155
15 161
15 168
15 187
15 188
15 189
15 192
16 19
16 32
16 47
16 68
16 75
16 80
16 81
16 86
16 89
16 92
16 98
16 99
16 103
16 105
16 117
16 121
16 123
16 124
16 127
16 129
16 134
16 136
16 138
16 145
16 152
16 155
16 160
16 161
16 167
16 168
16 169
16 174
16 178
16 187
16 194
17 23
17 31
17 32
17 43
17 44
17 52
17 53
17 60
17 71
17 74
17 76
17 80
17 83
17 84
17 86
17 88
17 90
17 91
17 98
17 104
17 109
17 113
17 118
17 119
17 125
17 130
17 132
17 134
17 140
17 142
17 145
17 152
17 154
17 157
17 158
17 161
17 164
17 167
17 172
17 174
17 177
17 178
17 182
17 183
17 185
17 186
17 191
17 192
17 197
17 199
18 19
18 21
18 22
18 24
18 27
18 28
18 39
18 45
18 47
18 48
18 50
18 52
18 61
18 62
18 65
18 68
18 78
18 85
18 86
18 88
18 91
18 95
18 98
18 109
18 124
18 125
18 126
18 129
18 134
18 136
18 140
18 142
18 145
18 147
18 148
18 149
18 151
18 155
18 159
18 165
18 169
18 176
18 179
18 180
18 183
18 197
18 198
18 199
19 22
19 23
19 24
19 25
19 27
19 30
19 31
19 33
19 35
19 42
19 46
19 48
19 50
19 51
19 52
19 56
19 63
19 64
19 68
19 70
19 75
19 77
19 80
19 81
19 85
19 91
19 96
19 97
19 101
19 102
19 106
19 118
19 120
19 131
19 134
19 139
19 140
19 143
19 149
19 154
19 155
19 157
19 159
19 164
19 169
19 170
19 177
19 182
19 185
19 197
20 22
20 27
20 32
20 41
20 48
20 49
20 57
20 58
20 59
20 63
20 68
20 71
20 72
20 93
20 97
20 103
20 104
20 110
20 117
20 121
20 126
20 133
20 134
20 137
20 156
20 158
20 161
20 163
20 164
20 166
20 169
20 175
20 178
20 179
20 180
20 183
20 189
20 191
20 194
20 198
21 29
21 30
21 34
21 35
21 43
21 47
21 49
21 50
21 52
21 53
21 61
21 63
21 66
21 75
21 76
21 90
21 92
21 93
21 99
21 100
21 103
21 107
21 112
21 113
21 116
21 117
21 118
21 124
21 129
21 131
21 137
21 138
21 139
21 140
21 141
21 146
21 157
21 162
21 163
21 164
21 166
21 173
21 175
21 179
21 184
21 190
21 192
22 25
22 28
22 32
22 33
22 44
22 47
22 52
22 63
22 65
22 74
22 79
22 82
22 85
22 90
22 94
22 103
22 107
22 110
22 115
22 118
22 129
22 130
22 136
22 138
22 140
22 141
22 142
22 143
22 145
22 148
22 149
22 159
22 168
22 171
22 173
22 182
22 184
22 185
22 197
23 26
23 29
23 30
23 34
23 35
23 37
23 41
23 43
23 48
23 49
23 50
23 51
23 62
23 63
23 71
23 72
23 73
23 74
23 88
23 91
23 94
23 102
23 103
23 104
23 106
23 114
23 116
23 122
23 131
23 134
23 138
23 144
23 146
23 152
23 160
23 161
23 162
23 177
23 178
23 184
23 188
23 196
23 197
23 198
24 27
24 29
24 31
24 33
24 34
24 35
24 36
24 40
24 41
24 44
24 45
24 48
24 50
24 54
24 55
24 66
24 67
24 72
24 80
24 81
24 87
24 88
24 96
24 99
24 104
24 107
24 116
24 120
24 122
24 123
24 126
24 127
24 128
24 131
24 133
24 135
24 137
24 148
24 151
24 155
24 160
24 161
24 168
24 169
24 178
24 179
24 180
24 187
24 189
24 191
24 192
24 196
24 199
25 29
25 36
25 37
25 40
25 43
25 48
25 53
25 54
25 55
25 59
25 60
25 63
25 66
25 67
25 70
25 72
25 75
25 79
25 94
25 97
25 104
25 106
25 107
25 113
25 116
25 134
25 139
25 143
25 152
25 154
25 163
25 170
25 171
25 177
25 178
25 179
25 181
25 182
25 184
25 187
25 189
25 193
25 194
25 195
26 35
26 38
26 46
26 47
26 50
26 59
26 72
26 76
26 77
26 79
26 90
26 92
26 101
26 105
26 107
26 109
26 114
26 115
26 116
26 117
26 130
26 135
26 138
26 140
26 147
26 151
26 153
26 154
26 156
26 160
26 165
26 168
26 170
26 172
26 173
26 174
26 176
26 192
26 196
27 30
27 33
27 35
27 41
27 46
27 48
27 55
27 61
27 62
27 72
27 74
27 77
27 83
27 84
27 93
27 98
27 103
27 110
27 118
27 123
27 130
27 138
27 139
27 140
27 152
27 158
27 162
27 165
27 166
27 169
27 173
27 178
27 196
27 199
28 30
28 35
28 39
28 43
28 45
28 46
28 48
28 55
28 57
28 58
28 64
28 65
28 69
28 75
28 80
28 81
28 83
28 86
28 90
28 93
28 95
28 98
28 106
28 111
28 113
28 115
28 119
28 120
28 123
28 127
28 132
28 137
28 148
28 149
28 155
28 156
28 164
28 166
28 167
28 170
28 171
28 172
28 179
28 180
28 187
28 190
28 198
29 31
29 33
29 36
29 42
29 47
29 51
29 59
29 61
29 63
29 64
29 68
29 76
29 77
29 78
29 81
29 83
29 86
29 87
29 95
29 96
29 107
29 108
29 115
29 118
29 123
29 126
29 130
29 135
29 137
29 141
29 146
29 151
29 153
29 156
29 164
29 182
29 191
29 192
29 193
29 194
29 195
29 196
30 31
30 34
30 35
30 36
30 38
30 39
30 41
30 42
30 43
30 53
30 59
30 60
30 63
30 64
30 80
30 81
30 83
30 86
30 88
30 95
30 99
30 100
30 104
30 106
30 125
30 127
30 129
30 132
30 133
30 134
30 137
30 149
30 150
30 156
30 160
30 167
30 169
30 174
30 179
30 190
30 192
30 196
31 38
31 44
31 50
31 54
31 57
31 62
31 70
31 81
31 84
31 86
31 87
31 88
31 89
31 92
31 94
31 98
31 99
31 101
31 110
31 114
31 119
31 120
31 124
31 129
31 130
31 131
31 136
31 142
31 148
31 150
31 153
31 156
31 157
31 161
31 164
31 165
31 168
31 171
31 179
31 180
31 181
31 186
31 187
31 194
32 35
32 36
32 44
32 45
32 51
32 56
32 63
32 64
32 68
32 70
32 71
32 72
32 74
32 83
32 85
32 90
32 92
32 93
32 100
32 102
32 104
32 109
32 111
32 121
32 126
32 131
32 132
32 136
32 139
32 143
32 149
32 150
32 156
32 157
32 158
32 160
32 161
32 164
32 172
32 175
32 181
32 183
32 186
32 192
32 197
33 34
33 36
33 37
33 45
33 46
33 47
33 52
33 60
33 61
33 70
33 74
33 79
33 82
33 85
33 86
33 89
33 98
33 99
33 104
33 114
33 121
33 134
33 135
33 139
33 147
33 149
33 152
33 153
33 163
33 164
33 170
33 175
33 180
33 185
33 189
33 198
34 43
34 44
34 48
34 49
34 55
34 66
34 69
34 74
34 76
34 80
34 81
34 87
34 89
34 90
34 91
34 95
34 99
34 106
34 112
34 113
34 117
34 129
34 132
34 141
34 145
34 150
34 152
34 154
34 155
34 156
34 158
34 169
34 170
34 171
34 174
34 176
34 191
34 195
34 197
35 36
35 39
35 40
35 45
35 59
35 66
35 76
35 77
35 80
35 84
35 86
35 89
35 99
35 101
35 110
35 116
35 124
35 131
35 134
35 136
35 137
35 146
35 148
35 158
35 160
35 167
35 171
35 181
35 197
36 49
36 51
36 55
36 57
36 59
36 60
36 62
36 67
36 69
36 75
36 86
36 89
36 90
36 97
36 100
36 101
36 111
36 112
36 114
36 115
36 116
36 119
36 120
36 122
36 131
36 132
36 133
36 142
36 143
36 146
36 155
36 156
36 157
36 158
36 167
36 170
36 172
36 178
36 179
36 181
36 190
36 191
36 196
36 199
37 43
37 47
37 49
37 50
37 51
37 54
37 69
37 73
37 75
37 76
37 77
37 87
37 88
37 90
37 93
37 96
37 97
37 102
37 104
37 106
37 108
37 110
37 112
37 118
37 123
37 127
37 129
37 134
37 135
37 136
37 139
37 142
37 144
37 146
37 153
37 160
37 162
37 165
37 173
37 189
37 192
37 195
37 196
38 40
38 41
38 43
38 46
38 47
38 57
38 59
38 61
38 64
38 66
38 67
38 68
38 76
38 78
38 79
38 90
38 93
38 95
38 99
38 100
38 107
38 114
38 119
38 120
38 124
38 130
38 132
38 135
38 141
38 143
38 148
38 149
38 150
38 153
38 156
38 161
38 166
38 167
38 169
38 171
38 174
38 182
38 184
38 185
38 191
38 192
38 193
38 196
38 198
38 199
39 42
39 45
39 46
39 52
39 56
39 60
39 61
39 67
39 70
39 82
39 96
39 98
39 100
39 106
39 109
39 110
39 117
39 118
39 121
39 126
39 127
39 138
39 139
39 143
39 144
39 148
39 152
39 164
39 169
39 170
39 174
39 177
39 178
39 180
39 187
39 188
39 199
40 41
40 44
40 48
40 63
40 64
40 67
40 73
40 78
40 83
40 87
40 88
40 89
40 91
40 97
40 106
40 107
40 109
40 117
40 131
40 135
40 139
40 142
40 146
40 151
40 152
40 155
40 156
40 162
40 164
40 174
40 175
40 176
40 183
40 188
40 192
40 197
40 199
41 51
41 53
41 55
41 59
41 60
41 65
41 66
41 69
41 71
41 73
41 76
41 81
41 100
41 103
41 105
41 106
41 107
41 109
41 122
41 123
41 130
41 134
41 137
41 140
41 151
41 153
41 155
41 158
41 160
41 165
41 169
41 173
41 177
41 187
41 188
41 191
41 192
42 53
42 57
42 58
42 65
42 68
42 73
42 83
42 84
42 86
42 87
42 88
42 92
42 93
42 94
42 98
42 103
42 108
42 109
42 126
42 130
42 132
42 133
42 147
42 148
42 151
42 154
42 155
42 158
42 171
42 172
42 173
42 177
42 186
42 188
42 189
42 191
42 192
42 196
43 48
43 52
43 58
43 64
43 66
43 67
43 69
43 71
43 72
43 74
43 77
43 79
43 87
43 88
43 89
43 92
43 96
43 104
43 119
43 121
43 122
43 130
43 131
43 133
43 135
43 139
43 140
43 142
43 145
43 146
43 148
43 150
43 153
43 155
43 166
43 174
43 176
43 177
43 178
43 182
43 183
43 187
43 189
43 193
43 197
43 198
43 199
44 52
44 57
44 58
44 60
44 62
44 70
44 75
44 89
44 90
44 93
44 95
44 98
44 99
44 101
44 103
44 112
44 115
44 127
44 129
44 131
44 140
44 142
44 146
44 153
44 167
44 174
44 180
44 181
44 183
44 185
44 186
44 188
44 190
44 192
44 193
44 195
44 197
45 61
45 68
45 71
45 76
45 77
45 84
45 86
45 87
45 89
45 106
45 112
45 113
45 115
45 117
45 124
45 126
45 127
45 128
45 129
45 131
45 139
45 141
45 145
45 147
45 161
45 163
45 168
45 169
45 171
45 176
45 178
45 183
45 189
45 193
45 198
46 48
46 50
46 62
46 66
46 72
46 78
46 81
46 85
46 86
46 88
46 90
46 93
46 96
46 99
46 103
46 104
46 110
46 111
46 114
46 118
46 119
46 127
46 130
46 136
46 138
46 140
46 143
46 151
46 154
46 155
46 156
46 159
46 163
46 169
46 179
46 180
46 181
46 197
47 49
47 50
47 52
47 61
47 63
47 65
47 66
47 70
47 71
47 80
47 90
47 107
47 111
47 116
47 118
47 122
47 123
47 125
47 126
47 128
47 135
47 139
47 141
47 142
47 145
47 148
47 150
47 151
47 153
47 155
47 156
47 157
47 158
47 161
47 163
47 165
47 166
47 172
47 184
47 188
47 191
47 196
48 49
48 52
48 54
48 58
48 71
48 75
48 77
48 82
48 84
48 87
48 89
48 91
48 94
48 99
48 107
48 109
48 115
48 118
48 119
48 121
48 126
48 136
48 139
48 140
48 141
48 152
48 153
48 165
48 173
48 178
48 182
48 199
49 55
49 57
49 66
49 68
49 72
49 82
49 90
49 95
49 96
49 98
49 101
49 106
49 111
49 115
49 119
49 121
49 126
49 128
49 134
49 138
49 139
49 141
49 147
49 154
49 156
49 157
49 158
49 161
49 166
49 167
49 169
49 172
49 174
49 177
49 181
49 183
49 187
49 197
50 53
50 54
50 59
50 64
50 84
50 86
50 88
50 89
50 95
50 103
50 104
50 106
50 112
50 114
50 116
50 124
50 126
50 128
50 133
50 134
50 141
50 142
50 146
50 155
50 165
50 167
50 171
50 174
50 175
50 177
50 178
50 195
50 198
51 60
51 64
51 65
51 69
51 73
51 77
51 78
51 79
51 80
51 89
51 90
51 95
51 96
51 101
51 102
51 104
51 116
51 117
51 119
51 125
51 126
51 133
51 140
51 146
51 150
51 154
51 156
51 158
51 161
51 165
51 170
51 177
51 178
51 184
51 188
51 193
51 196
51 198
52 54
52 58
52 71
52 73
52 74
52 77
52 78
52 90
52 91
52 94
52 97
52 106
52 108
52 111
52 115
52 120
52 122
52 124
52 134
52 137
52 139
52 140
52 143
52 156
52 163
52 169
52 170
52 173
52 175
52 176
52 177
52 189
52 195
53 57
53 58
53 61
53 62
53 63
53 66
53 67
53 71
53 72
53 73
53 79
53 81
53 82
53 84
53 95
53 96
53 98
53 100
53 106
53 110
53 115
53 120
53 129
53 133
53 146
53 153
53 154
53 155
53 162
53 168
53 169
53 170
53 173
53 183
53 185
53 193
53 194
54 57
54 62
54 65
54 69
54 70
54 71
54 73
54 75
54 82
54 87
54 90
54 92
54 94
54 95
54 96
54 97
54 98
54 103
54 110
54 122
54 130
54 135
54 140
54 141
54 142
54 144
54 148
54 151
54 153
54 154
54 155
54 156
54 157
54 159
54 160
54 162
54 163
54 174
54 188
54 192
54 195
55 58
55 62
55 72
55 77
55 84
55 89
55 93
55 95
55 96
55 102
55 104
55 122
55 125
55 131
55 133
55 138
55 140
55 141
55 143
55 146
55 149
55 150
55 153
55 163
55 164
55 165
55 171
55 172
55 174
55 176
55 179
55 182
55 185
55 192
55 198
55 199
56 57
56 64
56 65
56 67
56 72
56 76
56 77
56 82
56 91
56 93
56 94
56 96
56 106
56 111
56 112
56 113
56 114
56 115
56 117
56 118
56 119
56 124
56 129
56 135
56 137
56 142
56 150
56 153
56 159
56 163
56 164
56 168
56 169
56 173
56 178
56 186
56 188
56 194
56 195
56 198
56 199
57 60
57 72
57 86
57 88
57 89
57 95
57 99
57 103
57 104
57 107
57 111
57 116
57 117
57 118
57 124
57 126
57 136
57 137
57 141
57 144
57 148
57 152
57 153
57 156
57 166
57 167
57 173
57 176
57 181
57 186
57 188
57 189
57 190
57 191
57 192
57 198
58 67
58 70
58 71
58 73
58 75
58 81
58 90
58 91
58 95
58 97
58 100
58 101
58 117
58 127
58 130
58 131
58 133
58 135
58 136
58 137
58 138
58 140
58 141
58 142
58 143
58 150
58 153
58 154
58 157
58 165
58 166
58 171
58 173
58 184
58 185
58 191
58 193
58 197
58 199
59 61
59 66
59 75
59 98
59 107
59 115
59 116
59 117
59 118
59 120
59 123
59 128
59 129
59 136
59 137
59 146
59 149
59 155
59 158
59 161
59 162
59 167
59 168
59 171
59 174
59 176
59 177
59 178
59 181
59 184
59 190
59 191
59 196
59 199
60 62
60 63
60 75
60 83
60 87
60 89
60 95
60 96
60 98
60 103
60 104
60 106
60 107
60 108
60 110
60 116
60 123
60 128
60 129
60 137
60 141
60 142
60 154
60 166
60 174
60 175
60 176
60 179
60 182
60 184
60 193
60 196
61 62
61 71
61 74
61 80
61 81
61 84
61 85
61 100
61 102
61 106
61 113
61 117
61 118
61 119
61 125
61 131
61 133
61 137
61 141
61 150
61 151
61 152
61 156
61 158
61 166
61 167
61 169
61 171
61 175
61 179
61 184
61 185
61 195
61 198
62 65
62 76
62 80
62 84
62 88
62 90
62 99
62 109
62 110
62 113
62 118
62 121
62 122
62 124
62 127
62 144
62 149
62 150
62 151
62 155
62 160
62 162
62 166
62 167
62 174
62 177
62 181
62 192
62 196
62 198
63 64
63 68
63 70
63 74
63 76
63 79
63 96
63 98
63 101
63 106
63 109
63 111
63 114
63 119
63 122
63 123
63 124
63 132
63 133
63 137
63 142
63 144
63 149
63 156
63 158
63 162
63 165
63 166
63 172
63 173
63 182
63 184
63 185
63 198
64 67
64 69
64 72
64 75
64 78
64 91
64 94
64 95
64 96
64 98
64 99
64 103
64 108
64 118
64 120
64 121
64 124
64 125
64 138
64 144
64 145
64 147
64 150
64 152
64 156
64 158
64 160
64 164
64 165
64 167
64 175
64 187
64 193
64 195
65 66
65 69
65 70
65 74
65 80
65 83
65 91
65 94
65 106
65 111
65 116
65 118
65 121
65 122
65 126
65 128
65 131
65 133
65 136
65 137
65 140
65 152
65 154
65 160
65 162
65 164
65 165
65 176
65 181
65 182
65 185
65 186
65 189
65 190
65 191
65 192
65 198
66 72
66 74
66 77
66 85
66 90
66 94
66 96
66 100
66 104
66 106
66 119
66 122
66 123
66 130
66 132
66 138
66 140
66 145
66 147
66 148
66 154
66 156
66 160
66 161
66 165
66 166
66 168
66 170
66 176
66 178
66 180
66 181
66 185
66 190
66 193
66 194
66 197
67 68
67 77
67 85
67 92
67 98
67 110
67 123
67 126
67 127
67 130
67 134
67 138
67 139
67 140
67 141
67 143
67 145
67 146
67 147
67 150
67 153
67 155
67 158
67 160
67 162
67 167
67 170
67 173
67 179
67 181
67 187
67 188
67 192
67 194
67 196
68 72
68 83
68 87
68 88
68 90
68 92
68 95
68 101
68 108
68 109
68 112
68 116
68 122
68 124
68 129
68 134
68 135
68 138
68 150
68 162
68 165
68 167
68 168
68 174
68 177
68 183
68 184
68 185
68 186
68 189
68 193
68 195
68 197
69 76
69 79
69 82
69 89
69 91
69 92
69 94
69 97
69 109
69 116
69 122
69 124
69 127
69 128
69 133
69 139
69 140
69 143
69 144
69 152
69 160
69 163
69 167
69 179
69 180
69 183
69 187
69 195
69 198
70 72
70 74
70 76
70 83
70 90
70 91
70 94
70 95
70 99
70 109
70 110
70 118
70 120
70 121
70 125
70 131
70 144
70 155
70 168
70 172
70 173
70 177
70 178
70 179
70 186
70 188
70 191
70 192
70 198
70 199
71 73
71 74
71 77
71 79
71 83
71 89
71 92
71 93
71 94
71 95
71 98
71 111
71 113
71 117
71 120
71 122
71 125
71 127
71 132
71 142
71 143
71 144
71 145
71 151
71 160
71 163
71 171
71 174
71 175
71 176
71 177
71 180
71 187
71 190
71 195
72 75
72 78
72 80
72 85
72 86
72 96
72 97
72 98
72 101
72 108
72 109
72 111
72 112
72 114
72 115
72 123
72 130
72 131
72 139
72 151
72 152
72 159
72 163
72 167
72 169
72 176
72 178
72 179
72 181
72 182
72 184
72 188
72 191
73 74
73 75
73 76
73 80
73 87
73 88
73 91
73 94
73 96
73 103
73 108
73 109
73 121
73 127
73 140
73 141
73 143
73 149
73 153
73 172
73 177
73 178
73 185
73 190
73 198
74 76
74 77
74 81
74 84
74 88
74 91
74 94
74 95
74 101
74 102
74 103
74 106
74 109
74 111
74 115
74 119
74 134
74 140
74 146
74 149
74 150
74 154
74 156
74 163
74 164
74 166
74 177
74 187
74 189
74 191
74 192
74 193
74 198
75 80
75 83
75 89
75 90
75 97
75 102
75 111
75 113
75 115
75 116
75 118
75 121
75 123
75 126
75 131
75 133
75 134
75 148
75 155
75 160
75 162
75 163
75 171
75 175
75 177
75 179
75 181
75 187
75 188
75 192
75 193
75 194
75 198
76 80
76 83
76 85
76 91
76 92
76 93
76 96
76 97
76 104
76 110
76 112
76 114
76 117
76 118
76 122
76 125
76 127
76 128
76 135
76 136
76 140
76 141
76 146
76 148
76 149
76 150
76 152
76 153
76 156
76 161
76 162
76 164
76 169
76 171
76 177
76 181
76 187
76 188
77 82
77 91
77 93
77 98
77 100
77 101
77 103
77 104
77 106
77 107
77 108
77 109
77 110
77 114
77 119
77 134
77 139
77 140
77 143
77 145
77 149
77 164
77 166
77 180
77 183
77 191
77 196
78 81
78 82
78 93
78 94
78 95
78 97
78 101
78 103
78 105
78 109
78 111
78 118
78 119
78 122
78 123
78 125
78 128
78 131
78 134
78 135
78 137
78 138
78 141
78 147
78 150
78 153
78 168
78 175
78 184
78 187
78 188
78 190
78 197
79 81
79 85
79 86
79 90
79 91
79 93
79 94
79 95
79 99
79 102
79 107
79 110
79 112
79 117
79 118
79 123
79 124
79 143
79 144
79 145
79 147
79 160
79 166
79 168
79 172
79 176
79 178
79 181
79 185
79 187
79 189
79 191
80 87
80 88
80 89
80 90
80 96
80 99
80 101
80 106
80 112
80 114
80 115
80 122
80 135
80 136
80 156
80 157
80 162
80 169
80 188
80 194
81 86
81 95
81 101
81 106
81 110
81 115
81 118
81 125
81 128
81 135
81 136
81 137
81 140
81 144
81 155
81 157
81 160
81 165
81 182
81 194
82 96
82 97
82 99
82 104
82 109
82 117
82 119
82 139
82 143
82 150
82 155
82 159
82 161
82 163
82 168
82 170
82 173
82 174
82 177
82 178
82 179
82 185
82 186
82 191
82 197
83 86
83 93
83 95
83 101
83 103
83 107
83 108
83 114
83 120
83 123
83 126
83 141
83 143
83 147
83 148
83 156
83 158
83 160
83 162
83 170
83 171
83 173
83 177
83 179
83 184
83 186
83 191
83 196
84 88
84 90
84 92
84 94
84 103
84 107
84 108
84 114
84 121
84 129
84 131
84 132
84 136
84 141
84 143
84 155
84 157
84 167
84 169
84 178
84 189
84 194
84 198
85 86
85 87
85 91
85 93
85 97
85 98
85 99
85 103
85 104
85 108
85 110
85 118
85 121
85 123
85 132
85 137
85 146
85 151
85 154
85 158
85 160
85 163
85 164
85 170
85 180
85 184
85 187
85 196
85 198
86 92
86 97
86 99
86 102
86 106
86 107
86 108
86 110
86 117
86 120
86 121
86 122
86 126
86 133
86 137
86 138
86 142
86 147
86 153
86 158
86 159
86 165
86 168
86 171
86 175
86 176
86 183
86 188
86 196
86 197
87 89
87 92
87 93
87 100
87 101
87 107
87 116
87 119
87 126
87 134
87 139
87 159
87 162
87 165
87 169
87 171
87 179
87 186
87 187
87 188
87 191
87 192
87 197
87 198
88 90
88 97
88 104
88 107
88 109
88 113
88 119
88 121
88 124
88 126
88 129
88 131
88 136
88 137
88 138
88 145
88 156
88 161
88 163
88 177
88 179
88 182
88 183
88 194
88 195
88 197
89 100
89 102
89 104
89 105
89 108
89 114
89 115
89 116
89 120
89 121
89 123
89 131
89 140
89 144
89 145
89 147
89 153
89 154
89 156
89 157
89 161
89 164
89 167
89 168
89 172
89 174
89 176
89 177
89 178
89 181
89 182
89 186
89 192
89 196
90 94
90 96
90 99
90 109
90 121
90 125
90 126
90 129
90 134
90 135
90 139
90 141
90 142
90 148
90 154
90 157
90 160
90 162
90 164
90 167
90 169
90 175
90 181
90 184
90 193
90 196
91 92
91 96
91 97
91 107
91 113
91 121
91 125
91 127
91 128
91 130
91 132
91 143
91 149
91 151
91 154
91 158
91 161
91 164
91 168
91 171
91 179
91 185
91 186
91 191
92 99
92 101
92 111
92 113
92 116
92 123
92 124
92 127
92 128
92 131
92 135
92 136
92 139
92 141
92 142
92 143
92 145
92 160
92 172
92 174
92 177
92 178
92 179
92 181
92 182
92 184
92 186
92 189
92 190
92 194
93 94
93 103
93 110
93 111
93 114
93 115
93 118
93 126
93 127
93 128
93 129
93 130
93 131
93 138
93 144
93 148
93 151
93 152
93 155
93 158
93 160
93 162
93 165
93 171
93 172
93 173
93 175
93 183
93 185
93 190
93 192
93 193
93 195
93 197
93 199
94 95
94 97
94 102
94 107
94 109
94 113
94 141
94 143
94 150
94 159
94 162
94 164
94 172
94 174
94 181
94 185
94 188
94 195
95 96
95 98
95 101
95 104
95 116
95 118
95 120
95 123
95 124
95 141
95 144
95 146
95 148
95 149
95 158
95 163
95 165
95 168
95 170
95 173
95 177
95 182
95 185
95 195
95 196
96 99
96 103
96 105
96 108
96 113
96 122
96 125
96 128
96 129
96 131
96 136
96 141
96 142
96 156
96 163
96 164
96 166
96 177
96 180
96 182
96 186
97 99
97 103
97 104
97 115
97 116
97 125
97 135
97 139
97 141
97 144
97 146
97 150
97 155
97 159
97 160
97 164
97 171
97 172
97 173
97 178
97 179
97 186
97 189
97 192
98 103
98 108
98 109
98 111
98 112
98 113
98 123
98 125
98 126
98 129
98 133
98 137
98 140
98 144
98 145
98 149
98 152
98 153
98 156
98 157
98 158
98 159
98 161
98 164
98 165
98 167
98 172
98 174
98 175
98 176
98 177
98 179
98 191
98 193
98 195
98 199
99 101
99 105
99 108
99 109
99 118
99 124
99 125
99 127
99 128
99 129
99 131
99 154
99 159
99 163
99 164
99 166
99 169
99 170
99 171
99 178
99 183
99 188
99 192
99 193
99 194
99 196
100 101
100 103
100 104
100 107
100 108
100 110
100 111
100 114
100 119
100 123
100 124
100 125
100 140
100 143
100 146
100 152
100 153
100 156
100 157
100 158
100 159
100 160
100 161
100 163
100 166
100 170
100 171
100 172
100 175
100 186
100 190
100 191
100 196
100 198
100 199
101 103
101 104
101 105
101 106
101 107
101 113
101 118
101 119
101 120
101 126
101 128
101 130
101 134
101 137
101 138
101 143
101 145
101 150
101 153
101 156
101 158
101 179
101 180
101 182
101 184
101 185
101 187
101 189
101 190
101 191
101 193
101 194
101 198
101 199
102 108
102 110
102 114
102 115
102 117
102 120
102 122
102 127
102 131
102 135
102 136
102 142
102 152
102 153
102 156
102 159
102 160
102 164
102 171
102 174
102 176
102 179
102 186
102 190
102 192
102 196
103 106
103 110
103 112
103 119
103 126
103 129
103 137
103 141
103 145
103 151
103 164
103 168
103 171
103 173
103 181
103 188
103 190
103 195
104 105
104 106
104 108
104 111
104 112
104 113
104 116
104 123
104 124
104 127
104 130
104 132
104 142
104 145
104 146
104 147
104 152
104 166
104 167
104 169
104 170
104 172
104 176
104 178
104 179
104 181
104 183
104 195
104 198
105 114
105 117
105 123
105 129
105 133
105 138
105 141
105 142
105 151
105 153
105 155
105 162
105 165
105 167
105 170
105 171
105 173
105 175
105 188
105 193
105 195
105 198
106 108
106 111
106 115
106 119
106 121
106 127
106 131
106 132
106 145
106 147
106 152
106 155
106 158
106 163
106 164
106 166
106 172
106 175
106 179
106 180
106 181
106 185
106 188
106 199
107 113
107 114
107 115
107 117
107 118
107 120
107 122
107 125
107 130
107 132
107 135
107 138
107 140
107 146
107 147
107 148
107 149
107 160
107 161
107 166
107 168
107 171
107 172
107 180
107 192
108 109
108 115
108 116
108 117
108 118
108 120
108 128
108 139
108 145
108 147
108 148
108 154
108 161
108 165
108 167
108 171
108 173
108 177
108 179
108 183
108 185
108 188
108 198
108 199
109 111
109 112
109 116
109 122
109 125
109 133
109 137
109 139
109 140
109 142
109 143
109 147
109 149
109 160
109 172
109 173
109 175
109 176
109 178
109 179
109 181
109 182
109 183
109 186
109 191
109 194
109 198
109 199
110 111
110 114
110 117
110 118
110 119
110 120
110 124
110 125
110 126
110 132
110 135
110 140
110 141
110 148
110 150
110 155
110 158
110 160
110 161
110 163
110 165
110 170
110 173
110 178
110 179
110 181
110 183
110 186
110 187
110 199
111 112
111 113
111 114
111 128
111 129
111 135
111 137
111 139
111 141
111 147
111 152
111 155
111 160
111 162
111 163
111 165
111 166
111 167
111 169
111 177
111 179
111 181
111 182
111 184
111 193
111 195
112 124
112 125
112 128
112 130
112 135
112 139
112 143
112 145
112 149
112 150
112 151
112 155
112 157
112 158
112 166
112 167
112 169
112 171
112 172
112 177
112 181
112 186
112 190
112 196
112 198
113 114
113 115
113 121
113 130
113 140
113 141
113 145
113 153
113 162
113 164
113 165
113 167
113 172
113 174
113 176
113 181
113 183
113 186
113 187
113 189
113 194
113 199
114 121
114 122
114 123
114 128
114 131
114 135
114 137
114 138
114 139
114 142
114 147
114 151
114 154
114 159
114 163
114 164
114 165
114 170
114 181
114 186
114 190
114 191
115 128
115 129
115 132
115 136
115 140
115 142
115 144
115 145
115 147
115 148
115 154
115 155
115 165
115 166
115 170
115 177
115 178
115 184
115 194
115 199
116 117
116 120
116 124
116 126
116 129
116 133
116 134
116 137
116 138
116 140
116 142
116 145
116 146
116 151
116 154
116 158
116 159
116 166
116 169
116 173
116 176
116 178
116 179
116 184
116 194
116 198
117 119
117 123
117 128
117 136
117 137
117 139
117 141
117 146
117 149
117 150
117 153
117 156
117 162
117 167
117 168
117 178
117 180
117 197
118 122
118 127
118 133
118 135
118 136
118 138
118 139
118 144
118 150
118 152
118 155
118 157
118 162
118 163
118 164
118 165
118 167
118 171
118 172
118 175
118 176
118 185
118 188
118 194
118 196
118 197
118 199
119 121
119 124
119 138
119 141
119 142
119 143
119 144
119 147
119 150
119 160
119 163
119 164
119 166
119 167
119 169
119 179
119 180
119 185
119 188
119 195
120 123
120 125
120 126
120 127
120 128
120 130
120 134
120 136
120 138
120 139
120 143
120 144
120 146
120 149
120 151
120 159
120 165
120 178
120 190
120 194
121 125
121 126
121 131
121 132
121 137
121 140
121 141
121 148
121 151
121 153
121 157
121 158
121 160
121 165
121 172
121 174
121 178
121 187
121 189
121 194
121 197
121 199
122 127
122 128
122 129
122 130
122 137
122 140
122 142
122 152
122 165
122 166
122 172
122 173
122 174
122 189
122 192
122 193
122 195
123 134
123 137
123 142
123 144
123 154
123 160
123 166
123 168
123 169
123 174
123 176
123 178
123 187
123 190
123 193
124 136
124 140
124 144
124 145
124 149
124 152
124 164
124 166
124 168
124 174
124 175
124 177
124 179
124 187
124 198
124 199
125 127
125 128
125 130
125 135
125 139
125 141
125 152
125 153
125 156
125 159
125 174
125 179
125 183
125 184
125 185
125 191
125 198
126 128
126 133
126 140
126 142
126 144
126 148
126 150
126 151
126 163
126 164
126 166
126 169
126 175
126 181
126 188
126 192
126 193
127 128
127 130
127 134
127 136
127 142
127 146
127 153
127 155
127 167
127 169
127 171
127 172
127 175
127 179
127 180
127 187
127 188
128 129
128 134
128 135
128 141
128 146
128 147
128 151
128 153
128 161
128 165
128 169
128 170
128 171
128 177
128 182
128 187
128 191
129 131
129 138
129 140
129 142
129 145
129 146
129 153
129 155
129 157
129 158
129 162
129 165
129 171
129 172
129 173
129 174
129 176
129 186
129 189
129 193
129 199
130 133
130 134
130 142
130 149
130 150
130 152
130 153
130 154
130 163
130 167
130 184
130 190
130 193
130 194
131 142
131 144
131 145
131 148
131 150
131 158
131 159
131 174
131 175
131 176
131 184
131 189
132 133
132 140
132 151
132 152
132 153
132 154
132 158
132 162
132 163
132 168
132 177
132 178
132 179
132 182
132 184
132 187
132 189
132 190
132 195
133 140
133 141
133 149
133 152
133 153
133 156
133 164
133 172
133 175
133 176
133 177
133 180
133 188
134 138
134 139
134 140
134 145
134 152
134 153
134 157
134 160
134 165
134 169
134 178
134 183
134 186
134 195
134 198
135 139
135 148
135 152
135 154
135 155
135 156
135 166
135 169
135 171
135 179
135 188
135 190
135 195
136 141
136 149
136 157
136 158
136 159
136 161
136 163
136 171
136 175
136 177
136 182
136 184
136 186
136 192
137 140
137 145
137 148
137 149
137 157
137 164
137 168
137 170
137 172
137 176
137 178
137 179
137 180
137 186
137 187
137 191
138 140
138 142
138 144
138 145
138 148
138 149
138 150
138 151
138 154
138 155
138 157
138 158
138 160
138 163
138 165
138 167
138 168
138 169
138 174
138 175
138 185
138 190
138 194
138 197
138 199
139 141
139 149
139 150
139 152
139 153
139 155
139 162
139 172
139 177
139 181
139 185
139 189
139 192
139 195
139 196
140 149
140 165
140 166
140 172
140 174
140 175
140 186
140 190
140 193
140 194
140 195
140 198
141 144
141 145
141 146
141 148
141 152
141 154
141 158
141 160
141 165
141 173
141 175
141 177
141 178
141 179
141 199
142 144
142 149
142 153
142 154
142 156
142 157
142 173
142 175
142 179
142 182
142 189
142 190
142 198
143 145
143 151
143 153
143 154
143 160
143 162
143 164
143 165
143 167
143 171
143 174
143 179
143 180
143 181
143 183
143 188
143 190
143 198
144 148
144 155
144 160
144 161
144 169
144 170
144 172
144 179
144 188
144 191
144 192
144 193
144 194
144 196
144 198
144 199
145 154
145 163
145 166
145 174
145 178
145 180
145 181
145 185
145 186
146 156
146 160
146 161
146 165
146 173
146 179
146 180
146 186
146 188
146 194
147 150
147 151
147 153
147 154
147 155
147 158
147 159
147 163
147 170
147 171
147 173
147 175
147 177
147 181
147 185
147 186
147 192
147 197
147 198
147 199
148 149
148 150
148 151
148 155
148 162
148 164
148 169
148 170
148 172
148 174
148 176
148 184
148 188
149 152
149 153
149 155
149 156
149 160
149 164
149 169
149 179
149 191
149 192
149 196
149 198
149 199
150 155
150 167
150 169
150 170
150 174
150 177
150 185
150 194
150 196
151 158
151 161
151 163
151 171
151 176
151 179
151 180
151 183
151 186
151 188
151 196
152 155
152 156
152 168
152 173
152 175
152 176
152 177
152 178
152 183
152 187
152 192
153 159
153 162
153 165
153 166
153 169
153 170
153 173
153 182
153 187
153 195
153 196
153 198
154 156
154 159
154 161
154 164
154 165
154 171
154 179
154 193
154 199
155 164
155 168
155 169
155 170
155 175
155 177
155 178
155 189
155 192
155 197
156 157
156 160
156 162
156 166
156 173
156 174
156 187
156 189
156 190
156 197
156 199
157 159
157 161
157 165
157 168
157 171
157 177
157 184
157 186
157 187
157 191
157 192
157 196
157 199
158 160
158 166
158 168
158 169
158 172
158 180
158 184
158 185
158 193
158 194
158 197
159 166
159 167
159 176
159 178
159 182
159 192
160 163
160 170
160 171
160 175
160 177
160 178
160 186
160 187
160 197
161 162
161 165
161 166
161 168
161 174
161 179
161 184
161 186
161 194
162 166
162 172
162 174
162 175
162 176
162 179
162 185
162 195
162 196
163 165
163 169
163 174
163 177
163 179
163 180
163 181
163 182
163 183
163 185
163 187
163 189
163 193
164 174
164 176
164 181
164 193
164 196
165 166
165 169
165 177
165 179
165 183
165 184
165 186
165 187
165 191
165 192
165 195
165 196
166 177
166 186
166 188
166 190
166 192
166 193
166 194
166 195
166 196
167 169
167 183
167 185
167 187
167 191
167 193
168 174
168 178
168 180
168 182
168 184
168 186
168 188
168 192
168 199
169 170
169 173
169 176
169 177
169 183
169 184
169 185
169 192
169 197
169 199
170 175
170 182
170 188
170 189
170 196
170 197
170 198
171 172
171 173
171 187
171 192
172 176
172 178
172 183
172 187
172 188
172 192
172 194
173 180
173 182
173 185
173 188
173 193
173 196
173 198
174 177
174 181
174 185
174 186
174 187
174 189
175 177
175 183
175 190
175 195
175 199
176 179
176 183
176 184
176 187
176 188
176 189
176 191
176 195
177 179
177 180
177 183
177 184
177 191
178 181
178 190
178 195
179 182
179 190
179 193
179 197
180 187
180 190
180 192
180 193
181 186
181 188
181 191
181 194
182 188
182 189
182 190
182 199
183 191
184 186
184 191
184 195
184 196
185 187
185 193
185 195
185 199
186 189
186 194
186 198
187 188
187 189
187 191
187 192
187 195
187 196
188 189
188 190
188 192
188 199
189 190
189 196
190 191
190 196
191 192
192 193
192 195
193 195
193 198
195 196
197 199
198 199
