50
0 2
0 4
0 10
0 15
0 20
0 25
0 29
0 31
0 33
0 37
0 40
0 46
0 48
1 2
1 13
1 19
1 20
1 21
1 27
1 33
1 36
1 37
1 38
1 41
1 42
1 46
1 48
2 8
2 9
2 18
2 32
2 41
2 42
3 6
3 18
3 23
3 24
3 30
3 31
3 36
3 41
3 42
3 47
3 49
4 8
4 23
4 24
4 25
4 28
4 29
4 31
4 33
4 34
4 42
4 45
4 46
4 47
5 6
5 7
5 21
5 25
5 29
5 30
5 31
5 32
5 35
5 39
5 43
5 44
5 48
5 49
6 7
6 9
6 13
6 14
6 16
6 17
6 21
6 22
6 23
6 24
6 29
6 44
6 47
7 11
7 27
7 28
7 32
7 35
7 36
7 37
7 38
7 43
7 47
8 12
8 14
8 16
8 22
8 25
8 26
8 31
8 33
8 44
8 45
8 47
9 17
9 22
9 26
9 30
9 42
9 46
10 11
10 13
10 17
10 19
10 21
10 27
10 30
10 32
10 34
10 35
10 37
10 47
11 12
11 19
11 20
11 24
11 27
11 40
11 43
11 49
12 13
12 14
12 19
12 21
12 23
12 25
12 26
12 27
12 34
12 40
12 44
13 14
13 15
13 23
13 26
13 27
13 28
13 32
13 33
13 35
13 46
14 15
14 31
14 40
14 41
14 44
14 48
15 19
15 28
15 29
15 30
15 32
15 40
16 17
16 23
16 38
16 43
17 19
17 20
17 21
17 26
17 27
17 30
17 32
17 38
17 42
17 44
17 47
17 49
18 19
18 20
18 21
18 22
18 23
18 27
18 32
18 40
18 46
18 47
19 21
19 24
19 30
19 33
19 41
19 48
20 24
20 27
20 29
20 33
20 37
20 38
20 43
20 48
20 49
21 22
21 31
21 35
21 36
21 37
21 38
21 41
21 42
21 45
21 49
22 28
22 31
22 39
23 32
23 35
23 38
23 39
23 41
23 42
23 46
23 47
24 30
24 31
24 32
24 34
24 35
24 38
24 39
24 42
24 43
24 49
25 32
25 33
25 34
25 41
26 27
26 28
26 29
26 31
26 32
26 34
26 42
26 46
26 49
27 29
27 36
27 38
27 41
27 42
27 44
27 47
28 33
28 34
28 41
28 43
28 45
28 47
29 35
29 41
29 44
29 46
29 49
30 37
30 38
30 39
30 47
30 49
31 32
31 37
31 43
31 45
32 33
32 35
32 39
32 41
32 47
32 48
32 49
33 38
33 47
33 49
34 37
34 39
34 41
35 39
35 42
35 45
35 49
36 44
36 46
36 47
37 38
37 43
37 44
37 46
39 41
40 43
41 42
41 44
41 46
43 44
43 49
44 46
44 48
44 49
45 46
46 47
