100
0 1
0 8
0 12
0 13
0 22
0 30
0 31
0 34
0 37
0 38
0 39
0 58
0 59
0 64
0 73
0 76
0 85
0 90
0 91
0 92
0 93
0 99
1 3
1 5
1 6
1 8
1 10
1 21
1 26
1 28
1 36
1 43
1 45
1 46
1 63
1 65
1 67
1 71
1 73
1 75
1 79
1 88
1 91
1 92
1 94
1 97
2 8
2 19
2 20
2 24
2 31
2 32
2 37
2 41
2 44
2 46
2 48
2 50
2 52
2 53
2 56
2 58
2 60
2 62
2 65
2 68
2 69
2 71
2 73
2 75
2 85
2 88
2 89
3 6
3 7
3 11
3 16
3 17
3 18
3 20
3 21
3 25
3 26
3 28
3 33
3 39
3 42
3 43
3 46
3 49
3 51
3 53
3 54
3 58
3 62
3 69
3 70
3 71
3 81
3 83
3 85
3 89
3 91
3 93
3 94
4 9
4 10
4 15
4 17
4 18
4 19
4 27
4 33
4 36
4 38
4 45
4 47
4 48
4 58
4 59
4 63
4 65
4 78
4 84
4 88
4 90
4 97
4 99
5 6
5 12
5 16
5 19
5 20
5 21
5 32
5 34
5 40
5 43
5 46
5 49
5 50
5 54
5 57
5 61
5 66
5 70
5 73
5 77
5 78
5 84
5 93
5 97
5 99
6 10
6 13
6 23
6 25
6 29
6 30
6 32
6 34
6 39
6 53
6 55
6 63
6 70
6 74
6 83
6 88
7 10
7 13
7 16
7 17
7 25
7 26
7 28
7 31
7 34
7 35
7 36
7 43
7 45
7 53
7 54
7 56
7 59
7 62
7 63
7 65
7 71
7 80
7 86
7 87
7 93
7 99
8 10
8 14
8 17
8 22
8 23
8 27
8 34
8 43
8 47
8 53
8 59
8 60
8 67
8 69
8 74
8 75
8 78
8 80
8 86
8 90
8 96
8 97
9 10
9 23
9 26
9 27
9 28
9 29
9 33
9 35
9 40
9 41
9 55
9 56
9 63
9 64
9 70
9 74
9 79
9 81
9 86
9 87
9 97
10 18
10 20
10 27
10 30
10 34
10 38
10 41
10 46
10 48
10 49
10 51
10 56
10 59
10 70
10 71
10 72
10 76
10 77
10 90
10 93
11 12
11 14
11 16
11 23
11 31
11 35
11 36
11 37
11 41
11 42
11 43
11 47
11 48
11 49
11 51
11 56
11 64
11 67
11 79
11 86
11 89
11 91
11 92
11 96
12 13
12 19
12 27
12 30
12 31
12 36
12 37
12 54
12 57
12 58
12 61
12 67
12 68
12 75
12 77
12 79
12 80
12 83
12 88
12 90
12 91
12 94
13 15
13 16
13 31
13 32
13 33
13 42
13 43
13 44
13 45
13 46
13 47
13 58
13 59
13 63
13 74
13 75
13 80
13 81
13 85
13 92
13 93
14 18
14 21
14 26
14 31
14 34
14 44
14 53
14 55
14 58
14 64
14 69
14 71
14 74
14 79
14 88
14 89
14 96
14 97
14 98
15 17
15 19
15 23
15 24
15 28
15 34
15 43
15 52
15 53
15 54
15 61
15 67
15 72
15 78
15 81
15 86
15 88
15 92
15 97
16 17
16 20
16 29
16 32
16 38
16 40
16 42
16 48
16 49
16 50
16 51
16 58
16 60
16 61
16 64
16 66
16 68
16 76
16 80
16 82
16 86
16 88
16 94
17 18
17 22
17 28
17 31
17 32
17 40
17 41
17 44
17 52
17 55
17 56
17 57
17 60
17 62
17 67
17 72
17 74
17 75
17 76
17 87
17 89
17 96
17 97
18 24
18 25
18 29
18 35
18 43
18 44
18 46
18 52
18 56
18 57
18 58
18 59
18 62
18 63
18 65
18 66
18 75
18 80
18 81
18 82
18 86
18 88
18 95
18 96
18 98
19 20
19 22
19 26
19 31
19 32
19 46
19 48
19 54
19 55
19 58
19 64
19 71
19 77
19 84
19 85
19 95
19 97
19 99
20 50
20 51
20 53
20 62
20 69
20 71
20 73
20 75
20 79
20 83
20 88
20 94
21 23
21 26
21 27
21 28
21 29
21 32
21 36
21 41
21 47
21 53
21 57
21 58
21 60
21 67
21 72
21 73
21 74
21 75
21 78
21 88
21 92
21 96
22 25
22 26
22 35
22 41
22 42
22 53
22 54
22 57
22 60
22 61
22 64
22 65
22 72
22 77
22 80
22 82
22 84
22 85
22 96
22 97
23 26
23 30
23 37
23 41
23 44
23 45
23 52
23 53
23 56
23 57
23 59
23 64
23 66
23 73
23 80
23 84
23 85
23 89
23 90
23 92
23 96
24 26
24 27
24 28
24 33
24 36
24 41
24 42
24 44
24 46
24 59
24 63
24 65
24 66
24 68
24 70
24 73
24 77
24 81
24 85
24 88
24 90
24 98
24 99
25 26
25 28
25 29
25 30
25 37
25 38
25 44
25 46
25 54
25 55
25 58
25 59
25 64
25 72
25 76
25 79
25 90
25 91
25 96
26 29
26 30
26 44
26 47
26 51
26 54
26 61
26 64
26 69
26 74
26 79
26 82
26 85
26 86
26 97
26 99
27 28
27 29
27 32
27 36
27 37
27 45
27 50
27 54
27 62
27 63
27 69
27 70
27 76
27 85
27 93
27 96
27 99
28 29
28 31
28 38
28 45
28 48
28 51
28 53
28 57
28 62
28 64
28 72
28 76
28 80
28 85
28 86
28 87
28 92
28 93
28 94
28 95
28 96
28 98
29 33
29 36
29 37
29 41
29 48
29 51
29 52
29 56
29 73
29 75
29 76
29 78
29 80
29 88
29 89
30 33
30 34
30 35
30 36
30 37
30 38
30 41
30 53
30 57
30 67
30 76
30 80
30 82
30 83
30 86
30 87
30 89
30 97
30 99
31 33
31 35
31 38
31 51
31 53
31 60
31 66
31 67
31 71
31 72
31 79
31 81
31 82
31 86
31 90
31 91
31 97
31 98
32 33
32 38
32 40
32 41
32 45
32 52
32 55
32 62
32 66
32 72
32 74
32 77
32 82
32 84
32 88
32 90
32 95
33 41
33 42
33 45
33 46
33 53
33 54
33 57
33 66
33 76
33 77
33 81
33 84
33 89
33 95
33 99
34 35
34 40
34 46
34 49
34 51
34 55
34 56
34 57
34 58
34 59
34 61
34 63
34 68
34 75
34 83
34 88
34 89
34 93
34 95
35 37
35 41
35 43
35 45
35 46
35 49
35 53
35 54
35 57
35 61
35 63
35 65
35 68
35 78
35 81
35 98
36 38
36 40
36 44
36 49
36 50
36 54
36 58
36 60
36 68
36 73
36 80
36 81
36 87
36 88
36 89
36 92
36 97
36 98
37 38
37 43
37 46
37 58
37 61
37 63
37 70
37 73
37 74
37 83
37 85
37 89
37 95
38 42
38 43
38 44
38 51
38 54
38 56
38 57
38 59
38 65
38 68
38 71
38 73
38 82
38 83
38 87
38 91
38 93
39 40
39 48
39 52
39 56
39 57
39 69
39 71
39 74
39 76
39 78
39 81
39 82
39 83
39 97
40 54
40 55
40 56
40 57
40 60
40 61
40 64
40 66
40 76
40 77
40 81
40 82
40 85
40 87
40 91
40 92
40 98
41 42
41 46
41 49
41 50
41 51
41 57
41 66
41 73
41 77
41 80
41 83
41 87
41 89
41 91
41 94
41 97
42 47
42 57
42 59
42 62
42 65
42 67
42 70
42 71
42 79
42 86
42 90
42 97
42 98
42 99
43 49
43 53
43 63
43 64
43 66
43 69
43 70
43 71
43 76
43 86
43 90
43 92
44 51
44 52
44 57
44 66
44 68
44 70
44 71
44 72
44 75
44 79
44 84
44 91
44 92
44 94
44 95
45 49
45 50
45 57
45 59
45 68
45 77
45 95
45 96
46 47
46 52
46 57
46 59
46 61
46 70
46 73
46 76
46 77
46 90
46 97
46 99
47 50
47 57
47 71
47 73
47 75
47 79
47 85
47 90
47 91
47 95
48 51
48 79
48 81
48 82
48 83
48 93
48 95
48 99
49 51
49 57
49 58
49 59
49 65
49 67
49 80
49 82
49 89
50 51
50 63
50 64
50 65
50 70
50 71
50 73
50 74
50 77
50 80
50 87
50 88
50 91
50 97
50 99
51 54
51 59
51 61
51 64
51 65
51 69
51 75
51 77
51 78
51 81
51 87
51 97
51 99
52 53
52 54
52 55
52 62
52 63
52 64
52 68
52 77
52 81
52 86
52 88
52 96
53 56
53 60
53 61
53 69
53 72
53 73
53 76
53 78
53 79
53 81
53 96
53 97
54 57
54 60
54 63
54 65
54 67
54 69
54 71
54 73
54 78
54 83
54 87
54 89
54 94
54 97
55 58
55 60
55 61
55 62
55 63
55 64
55 67
55 69
55 70
55 72
55 73
55 79
55 82
55 85
55 87
55 90
55 93
55 95
55 97
55 99
56 63
56 64
56 65
56 72
56 79
56 88
56 98
56 99
57 59
57 62
57 65
57 68
57 80
57 81
57 84
57 90
57 92
57 96
58 65
58 67
58 69
58 74
58 82
58 84
58 91
59 64
59 68
59 70
59 75
59 84
59 85
59 93
59 94
59 96
59 97
59 98
60 65
60 69
60 74
60 77
60 79
60 81
60 91
61 68
61 69
61 71
61 76
61 81
61 90
61 98
61 99
62 63
62 64
62 74
62 75
62 79
62 84
62 86
62 90
62 92
62 94
62 96
63 68
63 69
63 71
63 77
63 78
63 81
63 86
63 90
63 91
63 93
63 95
63 97
63 99
64 65
64 68
64 69
64 72
64 76
64 88
64 93
64 95
65 71
65 76
65 79
65 88
65 96
66 76
66 84
66 85
66 89
67 68
67 70
67 72
67 73
67 75
67 76
67 82
67 91
67 96
67 98
68 71
68 72
68 73
68 74
68 81
68 83
68 87
68 89
68 94
68 97
69 70
69 77
69 78
69 84
69 86
69 90
69 96
69 99
70 73
70 78
70 86
70 90
70 93
70 95
71 73
71 80
71 81
71 82
71 92
72 73
72 79
72 83
72 88
72 93
72 96
73 86
73 88
73 90
73 95
73 96
74 75
74 81
74 86
74 87
74 92
74 96
75 76
75 77
75 80
75 84
75 86
75 91
75 95
75 99
76 79
76 80
76 81
76 83
76 84
76 86
76 93
76 94
76 95
77 78
77 79
77 83
77 91
77 96
77 97
78 87
78 88
78 94
78 96
79 82
79 83
79 86
79 89
79 90
80 88
80 90
80 92
80 97
81 82
81 85
81 86
81 90
81 91
81 95
81 97
81 98
82 86
82 87
82 88
82 91
82 93
83 84
83 88
83 89
83 98
84 89
84 92
84 93
85 93
85 98
86 87
86 91
86 97
87 93
87 99
88 93
88 98
89 92
90 93
90 95
91 95
92 99
94 98
95 99
96 97
