100
0 1
0 9
0 14
0 16
0 18
0 22
0 24
0 25
0 31
0 32
0 35
0 38
0 48
0 65
0 66
0 67
0 72
0 76
0 82
0 84
0 87
0 90
0 91
0 97
0 98
1 5
1 9
1 12
1 21
1 22
1 25
1 26
1 28
1 31
1 39
1 41
1 43
1 49
1 51
1 54
1 55
1 58
1 61
1 64
1 72
1 73
1 76
1 85
1 91
1 93
1 94
1 95
1 96
1 99
2 7
2 13
2 14
2 25
2 29
2 33
2 42
2 44
2 45
2 47
2 53
2 55
2 56
2 64
2 68
2 73
2 75
2 77
2 79
2 82
2 84
2 93
2 96
2 97
3 4
3 6
3 8
3 12
3 13
3 21
3 22
3 24
3 26
3 27
3 34
3 36
3 37
3 40
3 41
3 42
3 44
3 48
3 50
3 54
3 64
3 65
3 67
3 69
3 72
3 74
3 77
3 79
3 83
3 85
3 88
3 92
3 95
3 98
4 13
4 16
4 19
4 22
4 31
4 32
4 34
4 35
4 39
4 41
4 43
4 51
4 53
4 54
4 60
4 63
4 65
4 86
4 94
4 95
5 10
5 11
5 13
5 15
5 17
5 21
5 23
5 28
5 31
5 32
5 37
5 43
5 47
5 49
5 51
5 52
5 56
5 57
5 61
5 64
5 65
5 69
5 71
5 81
5 83
5 85
5 88
5 91
5 96
6 10
6 13
6 14
6 15
6 16
6 19
6 20
6 22
6 24
6 25
6 28
6 30
6 32
6 34
6 37
6 42
6 43
6 55
6 60
6 65
6 66
6 67
6 69
6 70
6 78
6 84
6 88
6 93
7 10
7 13
7 19
7 20
7 24
7 31
7 35
7 37
7 44
7 45
7 49
7 53
7 55
7 57
7 60
7 62
7 67
7 70
7 73
7 81
7 88
7 92
8 9
8 13
8 14
8 16
8 21
8 24
8 29
8 33
8 34
8 35
8 41
8 45
8 53
8 56
8 57
8 58
8 64
8 65
8 67
8 70
8 72
8 80
8 83
8 90
8 91
8 95
8 97
9 18
9 19
9 24
9 31
9 32
9 37
9 40
9 41
9 49
9 56
9 66
9 68
9 69
9 75
9 79
9 83
9 84
9 87
9 98
9 99
10 12
10 15
10 16
10 19
10 22
10 40
10 42
10 53
10 60
10 66
10 71
10 74
10 75
10 83
10 84
10 85
10 88
10 89
10 90
10 94
10 95
11 12
11 26
11 41
11 46
11 47
11 51
11 59
11 60
11 64
11 66
11 70
11 75
11 77
11 78
11 79
11 88
11 92
11 93
12 15
12 18
12 20
12 29
12 30
12 32
12 34
12 36
12 39
12 42
12 45
12 55
12 56
12 60
12 63
12 66
12 69
12 78
12 82
12 87
12 88
12 93
12 96
13 14
13 19
13 20
13 24
13 26
13 29
13 35
13 36
13 47
13 48
13 60
13 61
13 65
13 68
13 74
13 76
13 78
13 84
13 85
13 91
13 99
14 15
14 16
14 17
14 27
14 28
14 29
14 32
14 63
14 74
14 80
14 82
14 97
15 16
15 24
15 26
15 28
15 38
15 39
15 51
15 56
15 58
15 59
15 60
15 63
15 67
15 68
15 72
15 75
15 81
15 87
15 91
15 95
15 96
16 19
16 20
16 23
16 25
16 27
16 28
16 31
16 36
16 46
16 49
16 53
16 54
16 55
16 69
16 72
16 77
16 83
16 89
16 96
16 98
17 25
17 30
17 38
17 45
17 50
17 56
17 57
17 62
17 64
17 69
17 79
17 81
17 84
17 92
17 94
17 96
17 99
18 25
18 29
18 33
18 42
18 45
18 46
18 52
18 53
18 55
18 57
18 59
18 60
18 65
18 66
18 72
18 79
18 89
18 90
18 96
19 20
19 25
19 26
19 27
19 35
19 44
19 45
19 46
19 52
19 55
19 66
19 69
19 70
19 73
19 76
19 77
19 80
19 86
19 95
19 97
19 98
20 21
20 22
20 25
20 27
20 34
20 38
20 39
20 43
20 50
20 54
20 58
20 64
20 66
20 67
20 69
20 70
20 74
20 77
20 78
20 80
20 81
20 84
20 87
20 88
21 23
21 24
21 26
21 29
21 37
21 39
21 40
21 59
21 62
21 67
21 68
21 71
21 74
21 76
21 79
21 84
21 88
22 29
22 32
22 44
22 46
22 47
22 48
22 54
22 57
22 62
22 67
22 68
22 70
22 79
23 24
23 25
23 26
23 30
23 38
23 41
23 54
23 57
23 58
23 62
23 67
23 72
23 74
23 80
23 81
23 83
23 88
23 90
24 31
24 39
24 43
24 46
24 55
24 56
24 60
24 63
24 64
24 71
24 73
24 79
24 82
24 90
24 96
24 99
25 26
25 28
25 32
25 37
25 39
25 45
25 51
25 54
25 56
25 74
25 78
25 80
25 82
25 83
25 88
25 90
25 92
25 93
25 96
26 29
26 32
26 35
26 38
26 40
26 46
26 55
26 57
26 60
26 63
26 64
26 67
26 69
26 71
26 74
26 76
26 80
26 81
26 83
26 85
26 92
26 93
26 98
27 33
27 39
27 47
27 53
27 59
27 64
27 73
27 83
27 84
27 88
27 92
27 98
27 99
28 36
28 38
28 51
28 56
28 59
28 63
28 69
28 70
28 72
28 78
28 83
28 85
28 87
28 88
28 94
28 96
28 98
28 99
29 32
29 38
29 46
29 47
29 49
29 51
29 60
29 61
29 63
29 80
29 81
29 86
29 87
29 90
29 98
30 31
30 33
30 40
30 42
30 43
30 47
30 50
30 57
30 62
30 67
30 69
30 71
30 78
30 86
30 88
31 32
31 35
31 39
31 40
31 52
31 57
31 64
31 68
31 74
31 94
31 95
31 98
32 33
32 40
32 41
32 43
32 44
32 45
32 51
32 52
32 53
32 54
32 56
32 57
32 65
32 68
32 80
32 91
32 93
33 42
33 43
33 50
33 52
33 55
33 56
33 58
33 68
33 72
33 74
33 80
33 83
33 85
33 86
33 88
33 92
33 94
33 95
33 97
34 43
34 47
34 53
34 62
34 65
34 66
34 71
34 75
34 77
34 78
34 85
34 87
34 88
34 90
34 91
34 95
35 56
35 57
35 61
35 63
35 69
35 71
35 72
35 74
35 79
35 87
35 89
35 96
35 98
36 39
36 43
36 44
36 54
36 55
36 68
36 74
36 75
36 77
36 78
36 83
36 93
36 96
36 97
36 99
37 38
37 39
37 53
37 59
37 60
37 61
37 67
37 70
37 74
37 79
37 80
37 81
37 86
37 98
38 42
38 47
38 50
38 55
38 61
38 62
38 65
38 76
38 78
38 83
38 85
39 44
39 46
39 49
39 52
39 57
39 60
39 67
39 68
39 71
39 76
39 81
39 87
39 93
39 94
39 95
39 97
40 43
40 45
40 48
40 50
40 51
40 54
40 56
40 62
40 71
40 85
40 97
41 43
41 45
41 48
41 53
41 63
41 68
41 72
41 74
41 75
41 81
41 85
41 88
41 91
41 93
41 95
41 96
41 98
42 56
42 58
42 59
42 62
42 71
42 72
42 91
42 93
42 97
43 44
43 45
43 49
43 56
43 60
43 72
43 78
43 84
43 86
43 88
43 93
43 94
43 96
44 48
44 52
44 57
44 60
44 63
44 65
44 66
44 69
44 73
44 75
44 76
44 81
44 82
44 88
44 95
45 48
45 50
45 53
45 56
45 62
45 63
45 72
45 83
45 89
45 99
46 47
46 48
46 50
46 52
46 53
46 62
46 68
46 75
46 80
46 84
46 88
46 97
46 98
46 99
47 49
47 50
47 51
47 59
47 63
47 78
47 80
47 81
47 84
47 86
47 88
47 94
48 50
48 51
48 60
48 64
48 66
48 67
48 77
48 82
48 83
48 91
49 50
49 57
49 58
49 60
49 62
49 67
49 85
49 88
49 91
49 98
50 54
50 58
50 63
50 69
50 70
50 72
50 73
50 74
50 79
50 89
50 93
50 94
50 95
50 98
51 52
51 54
51 65
51 68
51 76
51 80
51 88
51 97
52 72
52 74
52 79
52 80
52 81
52 82
52 93
52 94
53 60
53 68
53 69
53 74
53 84
53 85
53 95
53 98
54 55
54 56
54 69
54 70
54 71
54 76
54 83
54 86
54 87
54 92
54 93
54 96
55 61
55 66
55 68
55 72
55 73
55 77
55 81
55 90
55 91
55 94
55 95
55 96
56 59
56 61
56 64
56 67
56 68
56 71
56 73
56 74
56 76
56 77
56 83
56 98
56 99
57 58
57 62
57 67
57 75
57 76
57 77
57 81
57 88
57 94
57 98
57 99
58 60
58 61
58 67
58 73
58 74
58 81
58 83
58 86
58 89
58 90
58 92
58 94
59 75
59 76
59 83
59 85
59 90
59 93
59 94
60 61
60 70
60 71
60 72
60 74
60 83
60 87
60 88
60 91
60 92
60 96
60 99
61 67
61 69
61 70
61 71
61 72
61 74
61 76
61 78
61 83
61 87
61 88
61 90
61 91
62 67
62 77
62 80
62 82
62 85
62 87
62 88
62 90
62 91
62 92
62 93
62 95
63 64
63 67
63 70
63 76
63 77
63 79
63 89
63 93
63 94
63 96
63 97
63 98
63 99
64 72
64 83
64 85
64 87
64 89
64 93
64 94
65 70
65 77
65 81
65 82
65 84
65 85
65 89
65 90
65 92
65 94
65 96
65 98
66 68
66 72
66 85
66 86
66 87
66 89
66 90
67 68
67 70
67 73
67 75
67 83
67 85
67 91
68 70
68 75
68 76
68 79
68 86
68 88
69 76
69 78
69 79
69 83
69 87
69 93
70 75
70 79
70 91
70 92
70 94
70 96
71 74
71 76
71 79
71 84
71 85
71 86
71 87
71 94
71 98
72 83
72 88
72 89
72 90
72 93
72 96
73 75
73 76
73 78
73 83
73 85
74 76
74 77
74 78
74 79
74 80
74 82
74 95
74 96
74 97
75 77
75 80
75 84
75 86
75 90
76 77
76 78
76 85
76 88
76 90
76 92
76 98
77 82
77 90
77 94
77 96
77 98
78 81
78 88
78 89
78 91
78 94
78 97
79 81
79 83
79 84
79 86
79 93
79 94
79 97
79 98
81 82
81 83
81 89
81 93
81 99
82 84
82 88
82 94
82 97
82 98
83 85
83 90
83 91
83 99
84 94
84 97
84 98
85 92
85 99
86 87
86 88
86 89
86 92
86 94
86 95
86 97
86 98
87 89
87 92
87 97
87 98
87 99
89 90
89 91
90 92
90 97
90 98
91 96
92 94
93 97
94 97
94 98
96 99
97 99
