100
0 2
0 3
0 5
0 6
0 7
0 8
0 10
0 11
0 14
0 15
0 16
0 17
0 20
0 21
0 22
0 27
0 30
0 31
0 32
0 34
0 35
0 36
0 37
0 40
0 43
0 44
0 46
0 49
0 52
0 53
0 56
0 57
0 61
0 62
0 63
0 66
0 67
0 69
0 70
0 71
0 73
0 74
0 78
0 80
0 82
0 89
0 90
0 91
0 93
0 94
0 95
0 96
0 97
0 99
1 3
1 4
1 5
1 9
1 10
1 12
1 13
1 14
1 19
1 21
1 23
1 24
1 25
1 28
1 29
1 30
1 32
1 33
1 35
1 36
1 37
1 38
1 39
1 43
1 44
1 45
1 48
1 50
1 52
1 53
1 54
1 56
1 57
1 59
1 61
1 65
1 66
1 67
1 68
1 69
1 71
1 75
1 77
1 79
1 81
1 82
1 83
1 84
1 85
1 86
1 87
1 88
1 90
1 98
2 3
2 5
2 6
2 7
2 8
2 9
2 11
2 12
2 13
2 14
2 16
2 18
2 19
2 22
2 23
2 24
2 26
2 27
2 28
2 30
2 31
2 33
2 34
2 36
2 37
2 39
2 42
2 43
2 44
2 45
2 46
2 51
2 53
2 54
2 55
2 61
2 65
2 66
2 67
2 68
2 69
2 70
2 71
2 74
2 76
2 80
2 86
2 89
2 92
2 94
2 96
2 97
2 99
3 4
3 6
3 7
3 10
3 12
3 14
3 15
3 20
3 23
3 32
3 33
3 34
3 38
3 39
3 40
3 42
3 43
3 46
3 49
3 51
3 53
3 56
3 60
3 61
3 65
3 67
3 69
3 71
3 72
3 73
3 75
3 76
3 78
3 81
3 83
3 86
3 87
3 92
3 93
3 96
3 97
3 98
4 6
4 8
4 9
4 10
4 11
4 16
4 17
4 20
4 22
4 24
4 25
4 26
4 28
4 29
4 33
4 34
4 35
4 36
4 37
4 38
4 39
4 40
4 41
4 42
4 45
4 47
4 48
4 50
4 51
4 53
4 58
4 59
4 61
4 62
4 64
4 74
4 76
4 77
4 80
4 81
4 83
4 85
4 86
4 89
4 90
4 91
4 92
4 94
4 96
4 98
4 99
5 6
5 7
5 10
5 11
5 12
5 14
5 15
5 16
5 17
5 18
5 19
5 20
5 22
5 23
5 26
5 28
5 29
5 30
5 32
5 33
5 35
5 36
5 37
5 39
5 44
5 46
5 48
5 49
5 50
5 51
5 56
5 59
5 60
5 61
5 63
5 65
5 69
5 71
5 72
5 73
5 75
5 77
5 79
5 80
5 82
5 85
5 88
5 89
5 90
5 91
5 94
5 99
6 8
6 10
6 14
6 17
6 19
6 24
6 25
6 30
6 32
6 34
6 35
6 37
6 38
6 39
6 40
6 41
6 42
6 43
6 44
6 46
6 52
6 59
6 63
6 64
6 68
6 71
6 72
6 74
6 75
6 76
6 80
6 81
6 84
6 87
6 88
6 89
6 94
6 97
7 8
7 9
7 11
7 12
7 14
7 15
7 16
7 24
7 26
7 31
7 32
7 34
7 37
7 40
7 42
7 44
7 46
7 47
7 50
7 52
7 53
7 61
7 64
7 67
7 70
7 72
7 73
7 75
7 76
7 79
7 81
7 84
7 91
7 95
7 96
7 97
7 98
7 99
8 12
8 13
8 18
8 19
8 26
8 27
8 28
8 30
8 32
8 33
8 36
8 37
8 38
8 39
8 40
8 41
8 43
8 44
8 48
8 51
8 53
8 58
8 59
8 61
8 63
8 65
8 66
8 67
8 69
8 70
8 71
8 72
8 75
8 76
8 77
8 80
8 84
8 87
8 91
8 93
8 96
8 97
8 99
9 14
9 15
9 17
9 18
9 21
9 22
9 23
9 25
9 26
9 28
9 31
9 32
9 33
9 35
9 38
9 40
9 41
9 44
9 46
9 47
9 48
9 49
9 51
9 52
9 55
9 57
9 58
9 60
9 64
9 66
9 68
9 70
9 72
9 73
9 74
9 75
9 76
9 77
9 80
9 83
9 88
9 92
9 93
9 94
9 97
9 98
9 99
10 13
10 14
10 15
10 19
10 20
10 21
10 22
10 23
10 24
10 27
10 28
10 29
10 31
10 32
10 33
10 34
10 39
10 41
10 42
10 43
10 44
10 45
10 47
10 50
10 53
10 54
10 57
10 58
10 60
10 61
10 63
10 66
10 67
10 68
10 70
10 75
10 77
10 81
10 82
10 83
10 86
10 87
10 88
10 92
10 94
10 95
10 97
10 99
11 16
11 17
11 21
11 22
11 24
11 25
11 26
11 28
11 29
11 32
11 33
11 34
11 35
11 36
11 37
11 39
11 40
11 41
11 43
11 47
11 48
11 51
11 52
11 56
11 57
11 58
11 59
11 60
11 63
11 70
11 72
11 75
11 76
11 80
11 83
11 84
11 86
11 89
11 90
11 91
11 92
11 99
12 13
12 14
12 15
12 18
12 19
12 20
12 21
12 22
12 24
12 25
12 26
12 27
12 29
12 31
12 32
12 33
12 35
12 36
12 37
12 40
12 41
12 42
12 45
12 46
12 51
12 52
12 54
12 55
12 56
12 61
12 62
12 63
12 64
12 67
12 68
12 69
12 70
12 71
12 74
12 75
12 76
12 77
12 78
12 79
12 81
12 83
12 84
12 85
12 86
12 87
12 89
12 91
12 92
12 93
12 94
12 95
12 96
12 97
13 14
13 15
13 16
13 18
13 22
13 24
13 25
13 26
13 27
13 31
13 33
13 35
13 39
13 41
13 42
13 43
13 44
13 46
13 49
13 50
13 51
13 54
13 55
13 59
13 64
13 65
13 67
13 68
13 71
13 72
13 73
13 78
13 81
13 85
13 91
13 93
13 95
13 96
13 97
14 15
14 18
14 19
14 21
14 26
14 28
14 30
14 32
14 35
14 36
14 37
14 39
14 42
14 43
14 46
14 47
14 48
14 49
14 51
14 53
14 57
14 58
14 69
14 70
14 71
14 73
14 74
14 75
14 77
14 78
14 79
14 80
14 83
14 84
14 86
14 90
14 92
14 94
14 99
15 16
15 17
15 18
15 20
15 22
15 23
15 24
15 26
15 29
15 30
15 32
15 33
15 34
15 35
15 36
15 37
15 39
15 40
15 41
15 43
15 44
15 49
15 50
15 53
15 54
15 58
15 59
15 60
15 62
15 63
15 64
15 67
15 68
15 70
15 71
15 72
15 74
15 76
15 78
15 80
15 89
15 90
15 94
15 95
15 96
15 97
15 99
16 18
16 19
16 22
16 26
16 31
16 35
16 43
16 46
16 47
16 48
16 50
16 51
16 53
16 56
16 57
16 58
16 59
16 60
16 61
16 62
16 64
16 66
16 68
16 72
16 73
16 77
16 78
16 79
16 80
16 81
16 82
16 84
16 86
16 88
16 89
16 92
16 95
16 97
17 18
17 19
17 21
17 23
17 24
17 34
17 35
17 41
17 43
17 44
17 45
17 47
17 50
17 52
17 54
17 57
17 58
17 60
17 64
17 67
17 69
17 80
17 81
17 82
17 83
17 89
17 90
17 94
17 95
17 96
17 99
18 19
18 22
18 23
18 24
18 26
18 27
18 30
18 33
18 34
18 38
18 39
18 41
18 43
18 44
18 45
18 47
18 49
18 51
18 52
18 53
18 54
18 55
18 58
18 62
18 64
18 66
18 68
18 70
18 72
18 75
18 77
18 78
18 82
18 86
18 87
18 88
18 89
18 90
18 93
18 94
18 95
18 96
18 97
18 99
19 21
19 22
19 23
19 28
19 29
19 33
19 35
19 37
19 39
19 43
19 46
19 49
19 53
19 56
19 58
19 60
19 61
19 62
19 63
19 68
19 71
19 72
19 73
19 75
19 77
19 78
19 79
19 83
19 84
19 85
19 86
19 87
19 88
19 89
19 90
19 91
19 92
19 93
19 97
19 98
20 23
20 25
20 26
20 28
20 30
20 31
20 40
20 42
20 44
20 45
20 46
20 47
20 49
20 51
20 55
20 60
20 61
20 65
20 66
20 67
20 69
20 75
20 76
20 79
20 81
20 85
20 88
20 90
20 91
20 93
20 94
20 97
21 22
21 23
21 25
21 29
21 31
21 34
21 36
21 37
21 40
21 42
21 43
21 44
21 49
21 51
21 52
21 57
21 58
21 60
21 62
21 65
21 68
21 69
21 73
21 74
21 75
21 76
21 80
21 81
21 83
21 86
21 87
21 90
21 96
21 99
22 24
22 25
22 26
22 28
22 29
22 30
22 31
22 34
22 35
22 36
22 38
22 40
22 42
22 48
22 49
22 52
22 55
22 57
22 58
22 61
22 63
22 64
22 65
22 66
22 69
22 71
22 72
22 73
22 74
22 76
22 80
22 81
22 82
22 84
22 85
22 87
22 90
22 92
22 94
22 95
22 96
22 97
22 99
23 24
23 26
23 27
23 29
23 32
23 33
23 34
23 35
23 36
23 37
23 39
23 41
23 42
23 43
23 46
23 48
23 49
23 50
23 52
23 54
23 58
23 64
23 65
23 66
23 67
23 73
23 74
23 76
23 78
23 79
23 81
23 82
23 83
23 85
23 87
23 91
23 92
23 94
23 96
24 26
24 27
24 28
24 29
24 30
24 31
24 36
24 39
24 41
24 47
24 51
24 52
24 54
24 55
24 57
24 59
24 60
24 64
24 66
24 71
24 75
24 77
24 81
24 83
24 85
24 88
24 89
24 90
24 91
24 94
24 96
24 97
24 99
25 27
25 31
25 33
25 35
25 36
25 37
25 39
25 40
25 41
25 42
25 43
25 46
25 48
25 52
25 53
25 56
25 57
25 58
25 60
25 62
25 65
25 70
25 72
25 73
25 74
25 75
25 80
25 81
25 82
25 83
25 85
25 86
25 87
25 88
25 90
25 99
26 27
26 29
26 30
26 31
26 34
26 37
26 41
26 44
26 45
26 46
26 47
26 48
26 49
26 51
26 54
26 55
26 56
26 57
26 60
26 64
26 67
26 71
26 72
26 73
26 74
26 75
26 78
26 80
26 84
26 87
26 89
26 92
26 93
26 94
26 95
26 98
26 99
27 29
27 30
27 36
27 38
27 41
27 43
27 45
27 51
27 52
27 53
27 54
27 57
27 58
27 63
27 64
27 67
27 70
27 73
27 74
27 76
27 77
27 78
27 80
27 83
27 84
27 90
27 91
27 94
27 95
27 98
27 99
28 29
28 30
28 32
28 33
28 34
28 36
28 37
28 40
28 41
28 42
28 43
28 46
28 51
28 53
28 54
28 55
28 56
28 59
28 60
28 61
28 64
28 65
28 74
28 77
28 78
28 79
28 81
28 83
28 85
28 87
28 89
28 90
28 92
28 95
28 96
28 98
28 99
29 30
29 33
29 34
29 36
29 37
29 38
29 39
29 43
29 50
29 51
29 52
29 53
29 55
29 57
29 60
29 61
29 62
29 66
29 71
29 73
29 74
29 77
29 84
29 87
29 90
29 91
29 94
29 97
29 98
29 99
30 33
30 34
30 35
30 36
30 37
30 40
30 42
30 44
30 47
30 48
30 52
30 54
30 55
30 56
30 57
30 61
30 62
30 65
30 66
30 70
30 72
30 75
30 76
30 77
30 79
30 80
30 81
30 82
30 87
30 90
30 91
30 95
30 96
30 98
31 34
31 35
31 37
31 38
31 40
31 41
31 43
31 44
31 46
31 48
31 49
31 50
31 54
31 59
31 60
31 61
31 63
31 65
31 72
31 77
31 79
31 81
31 82
31 83
31 84
31 85
31 88
31 89
31 91
31 93
31 99
32 33
32 34
32 37
32 38
32 42
32 43
32 44
32 47
32 48
32 49
32 51
32 52
32 53
32 56
32 57
32 60
32 66
32 70
32 72
32 73
32 74
32 81
32 83
32 85
32 87
32 90
32 93
32 94
32 96
33 34
33 35
33 37
33 38
33 39
33 40
33 41
33 42
33 44
33 45
33 46
33 49
33 52
33 53
33 55
33 57
33 59
33 60
33 61
33 64
33 65
33 66
33 67
33 68
33 69
33 72
33 73
33 75
33 77
33 78
33 81
33 82
33 84
33 85
33 86
33 87
33 89
33 90
33 94
33 95
33 96
33 99
34 36
34 38
34 39
34 40
34 42
34 44
34 45
34 52
34 53
34 57
34 60
34 64
34 65
34 68
34 69
34 71
34 75
34 76
34 78
34 81
34 82
34 83
34 84
34 85
34 86
34 88
34 92
34 93
34 94
34 95
34 99
35 37
35 38
35 42
35 43
35 44
35 45
35 47
35 52
35 54
35 56
35 57
35 59
35 61
35 62
35 64
35 65
35 67
35 68
35 69
35 70
35 74
35 75
35 77
35 79
35 81
35 85
35 90
35 93
35 94
35 96
35 98
35 99
36 39
36 41
36 46
36 47
36 51
36 55
36 56
36 58
36 59
36 61
36 64
36 66
36 70
36 71
36 74
36 75
36 76
36 81
36 84
36 85
36 86
36 89
36 90
36 93
36 94
36 95
36 97
36 98
36 99
37 39
37 40
37 42
37 45
37 47
37 52
37 53
37 54
37 55
37 56
37 59
37 63
37 64
37 66
37 67
37 69
37 70
37 72
37 73
37 75
37 82
37 83
37 85
37 86
37 88
37 89
37 91
37 93
37 97
37 99
38 42
38 44
38 45
38 46
38 48
38 51
38 53
38 54
38 57
38 58
38 60
38 69
38 72
38 73
38 77
38 78
38 79
38 80
38 81
38 82
38 83
38 85
38 86
38 87
38 88
38 89
38 90
38 92
38 93
38 94
38 96
38 97
38 98
38 99
39 40
39 41
39 42
39 43
39 44
39 45
39 50
39 52
39 53
39 55
39 57
39 62
39 63
39 66
39 67
39 74
39 75
39 76
39 77
39 78
39 83
39 84
39 85
39 87
39 88
39 91
39 95
39 97
39 99
40 41
40 42
40 44
40 47
40 48
40 49
40 51
40 53
40 54
40 55
40 57
40 60
40 61
40 62
40 63
40 64
40 65
40 67
40 68
40 69
40 72
40 74
40 76
40 77
40 80
40 82
40 83
40 84
40 85
40 86
40 88
40 89
40 90
40 94
40 96
40 97
40 98
40 99
41 44
41 45
41 49
41 51
41 53
41 54
41 55
41 58
41 60
41 63
41 64
41 70
41 74
41 76
41 78
41 79
41 81
41 82
41 83
41 86
41 88
41 89
41 91
41 92
41 95
41 97
41 99
42 46
42 47
42 54
42 55
42 56
42 58
42 60
42 61
42 62
42 64
42 67
42 68
42 69
42 71
42 72
42 74
42 80
42 83
42 84
42 85
42 86
42 89
42 91
42 93
42 95
42 97
42 99
43 44
43 45
43 49
43 51
43 52
43 53
43 56
43 57
43 58
43 60
43 63
43 64
43 66
43 67
43 69
43 72
43 73
43 74
43 75
43 78
43 79
43 80
43 82
43 83
43 85
43 87
43 92
43 93
43 94
43 95
43 97
44 46
44 49
44 50
44 51
44 52
44 55
44 56
44 57
44 58
44 60
44 61
44 62
44 66
44 68
44 69
44 70
44 72
44 73
44 74
44 75
44 76
44 80
44 81
44 82
44 86
44 87
44 89
44 90
44 93
44 95
44 96
44 97
44 98
45 46
45 48
45 49
45 55
45 57
45 58
45 60
45 61
45 64
45 65
45 66
45 67
45 72
45 75
45 79
45 80
45 81
45 82
45 84
45 85
45 88
45 89
45 92
45 96
45 99
46 47
46 49
46 52
46 53
46 54
46 55
46 57
46 58
46 59
46 60
46 61
46 64
46 65
46 66
46 67
46 74
46 76
46 77
46 81
46 82
46 83
46 84
46 87
46 89
46 90
46 91
46 92
46 94
46 98
47 48
47 49
47 50
47 51
47 52
47 53
47 56
47 57
47 58
47 62
47 66
47 67
47 68
47 69
47 70
47 72
47 75
47 76
47 80
47 87
47 88
47 89
47 92
47 94
47 96
48 50
48 54
48 55
48 57
48 62
48 64
48 65
48 66
48 67
48 68
48 71
48 73
48 74
48 76
48 77
48 79
48 81
48 82
48 83
48 85
48 86
48 89
48 90
48 94
48 95
48 96
49 51
49 52
49 53
49 54
49 55
49 57
49 59
49 60
49 64
49 67
49 68
49 69
49 71
49 73
49 74
49 76
49 77
49 78
49 79
49 80
49 82
49 85
49 86
49 88
49 91
49 93
49 95
49 99
50 52
50 56
50 57
50 59
50 64
50 66
50 67
50 70
50 71
50 77
50 80
50 82
50 83
50 85
50 88
50 89
50 91
50 92
50 94
50 97
50 98
50 99
51 52
51 53
51 54
51 56
51 57
51 58
51 59
51 60
51 61
51 63
51 67
51 68
51 70
51 71
51 77
51 79
51 81
51 85
51 91
51 93
51 95
51 96
52 53
52 55
52 59
52 60
52 67
52 69
52 70
52 71
52 72
52 73
52 74
52 75
52 76
52 77
52 80
52 82
52 84
52 86
52 87
52 88
52 92
52 94
52 95
52 98
52 99
53 57
53 60
53 61
53 63
53 65
53 67
53 70
53 71
53 73
53 76
53 77
53 80
53 83
53 85
53 89
53 90
53 91
53 92
53 93
53 95
53 97
53 98
53 99
54 56
54 59
54 61
54 62
54 64
54 67
54 68
54 72
54 73
54 74
54 78
54 79
54 80
54 85
54 89
54 91
54 92
54 93
54 94
54 97
54 98
55 56
55 58
55 59
55 60
55 62
55 65
55 72
55 73
55 75
55 76
55 77
55 78
55 80
55 81
55 82
55 83
55 85
55 86
55 89
55 93
55 94
55 97
56 64
56 67
56 69
56 71
56 72
56 74
56 76
56 77
56 78
56 79
56 83
56 84
56 86
56 89
56 91
56 92
56 93
56 94
56 95
56 96
56 97
56 99
57 58
57 59
57 62
57 64
57 65
57 67
57 68
57 69
57 70
57 71
57 74
57 80
57 81
57 83
57 85
57 87
57 88
57 89
57 90
57 92
57 94
57 97
57 98
58 59
58 61
58 62
58 63
58 66
58 68
58 70
58 71
58 73
58 77
58 78
58 80
58 82
58 86
58 91
58 97
58 98
58 99
59 60
59 61
59 64
59 65
59 69
59 70
59 72
59 73
59 75
59 77
59 81
59 83
59 86
59 89
59 92
59 93
59 95
59 96
59 98
60 62
60 64
60 65
60 67
60 68
60 70
60 71
60 72
60 73
60 74
60 77
60 79
60 80
60 81
60 83
60 84
60 85
60 87
60 88
60 92
60 93
60 98
60 99
61 65
61 66
61 67
61 68
61 69
61 71
61 72
61 73
61 74
61 77
61 78
61 79
61 80
61 81
61 83
61 84
61 86
61 88
61 90
61 92
61 94
61 98
62 64
62 70
62 73
62 76
62 79
62 81
62 82
62 83
62 84
62 86
62 87
62 88
62 89
62 90
62 91
62 92
62 94
62 95
62 96
62 97
63 67
63 69
63 72
63 73
63 74
63 75
63 77
63 78
63 79
63 80
63 81
63 83
63 84
63 85
63 86
63 87
63 90
63 92
63 93
63 94
63 97
63 98
64 65
64 66
64 67
64 68
64 69
64 71
64 74
64 78
64 81
64 82
64 83
64 84
64 85
64 86
64 87
64 88
64 89
64 91
64 94
64 95
65 66
65 67
65 68
65 70
65 72
65 73
65 74
65 75
65 78
65 79
65 80
65 81
65 83
65 85
65 86
65 88
65 89
65 90
65 91
65 92
65 95
65 96
65 98
65 99
66 67
66 70
66 72
66 73
66 74
66 75
66 77
66 79
66 83
66 84
66 85
66 90
66 92
66 93
66 97
66 99
67 69
67 70
67 74
67 75
67 76
67 77
67 84
67 85
67 87
67 88
67 90
67 91
67 95
67 96
67 97
67 98
68 72
68 74
68 75
68 77
68 78
68 79
68 80
68 84
68 85
68 87
68 88
68 89
68 90
68 92
68 93
68 96
68 97
69 70
69 71
69 75
69 76
69 77
69 78
69 80
69 87
69 88
69 90
69 91
69 95
69 96
70 74
70 77
70 78
70 79
70 80
70 81
70 87
70 88
70 90
70 95
70 96
70 98
70 99
71 73
71 75
71 76
71 78
71 82
71 83
71 85
71 88
71 89
71 91
71 92
71 93
71 97
71 99
72 74
72 76
72 77
72 78
72 80
72 81
72 83
72 85
72 86
72 88
72 91
72 92
72 93
72 94
72 96
72 97
72 99
73 74
73 76
73 79
73 80
73 81
73 82
73 85
73 87
73 88
73 89
73 90
73 93
73 95
73 97
73 99
74 80
74 81
74 83
74 84
74 85
74 88
74 89
74 90
74 91
74 92
74 94
74 95
74 96
74 98
75 77
75 78
75 80
75 83
75 84
75 86
75 88
75 89
75 90
75 93
75 94
75 96
76 79
76 81
76 82
76 84
76 87
76 88
76 91
76 92
76 93
76 96
76 97
77 78
77 79
77 80
77 87
77 88
77 91
77 92
77 93
77 94
77 95
77 96
77 97
77 98
77 99
78 79
78 84
78 85
78 87
78 88
78 94
78 95
78 96
78 97
78 98
79 80
79 81
79 83
79 84
79 86
79 88
79 92
79 96
79 97
79 98
80 81
80 83
80 85
80 88
80 91
80 92
80 95
80 96
80 98
80 99
81 83
81 84
81 86
81 87
81 93
81 95
81 98
82 85
82 86
82 87
82 88
82 89
82 90
82 92
82 94
82 95
82 97
82 99
83 87
83 88
83 90
83 95
83 97
83 99
84 85
84 89
84 90
84 91
84 95
84 99
85 89
85 91
85 92
85 93
85 95
85 98
86 89
86 92
86 94
87 88
87 89
87 90
87 91
87 93
87 98
88 89
88 93
88 94
88 95
88 96
88 97
88 98
88 99
89 90
89 91
89 92
89 93
89 94
89 95
89 97
90 96
90 97
90 98
90 99
91 92
91 95
91 96
91 97
91 98
91 99
92 95
92 96
92 97
92 98
93 94
93 95
93 96
94 95
94 96
94 98
94 99
95 97
95 98
97 98
98 99
