200
0 11
0 13
0 36
0 38
0 40
0 42
0 45
0 50
0 55
0 56
0 57
0 58
0 68
0 70
0 73
0 74
0 79
0 80
0 84
0 85
0 86
0 88
0 92
0 94
0 96
0 101
0 106
0 107
0 109
0 110
0 112
0 118
0 126
0 133
0 135
0 153
0 164
0 168
0 169
0 176
0 177
0 180
0 182
0 183
0 184
0 189
0 191
0 193
0 194
1 2
1 13
1 14
1 15
1 16
1 19
1 26
1 27
1 29
1 33
1 34
1 37
1 49
1 54
1 56
1 58
1 59
1 67
1 74
1 75
1 77
1 83
1 87
1 89
1 99
1 102
1 104
1 105
1 106
1 107
1 108
1 109
1 115
1 120
1 122
1 126
1 127
1 133
1 134
1 139
1 140
1 144
1 145
1 148
1 149
1 150
1 151
1 154
1 155
1 157
1 158
1 175
1 176
1 190
1 197
2 4
2 6
2 7
2 12
2 16
2 23
2 25
2 26
2 31
2 34
2 47
2 61
2 65
2 80
2 82
2 89
2 93
2 98
2 102
2 104
2 108
2 109
2 111
2 119
2 120
2 125
2 126
2 128
2 136
2 140
2 142
2 149
2 151
2 155
2 169
2 176
2 179
2 189
2 190
2 194
2 195
2 199
3 6
3 11
3 14
3 17
3 19
3 20
3 21
3 22
3 26
3 28
3 35
3 37
3 47
3 49
3 56
3 60
3 66
3 71
3 72
3 74
3 83
3 90
3 91
3 92
3 97
3 100
3 104
3 105
3 109
3 110
3 111
3 121
3 123
3 128
3 131
3 135
3 141
3 142
3 145
3 146
3 149
3 150
3 153
3 156
3 160
3 165
3 168
3 170
3 183
3 184
3 191
3 192
3 194
4 6
4 9
4 20
4 22
4 25
4 26
4 30
4 32
4 38
4 44
4 45
4 54
4 56
4 61
4 63
4 64
4 67
4 76
4 79
4 99
4 102
4 103
4 104
4 105
4 111
4 112
4 115
4 118
4 123
4 124
4 125
4 130
4 133
4 134
4 139
4 144
4 152
4 163
4 164
4 169
4 170
4 177
4 185
4 188
5 6
5 10
5 11
5 12
5 15
5 19
5 26
5 27
5 29
5 31
5 35
5 41
5 44
5 59
5 71
5 78
5 86
5 92
5 94
5 95
5 107
5 111
5 113
5 114
5 121
5 126
5 129
5 135
5 138
5 139
5 144
5 145
5 151
5 157
5 159
5 167
5 171
5 172
5 175
5 180
5 183
5 186
5 190
6 7
6 10
6 21
6 22
6 27
6 28
6 34
6 35
6 38
6 41
6 42
6 45
6 50
6 54
6 59
6 63
6 64
6 68
6 71
6 74
6 75
6 77
6 79
6 82
6 86
6 88
6 89
6 95
6 108
6 117
6 118
6 122
6 125
6 126
6 128
6 130
6 140
6 144
6 156
6 159
6 160
6 162
6 167
6 169
6 174
6 177
6 179
6 182
6 189
6 191
6 192
6 193
6 194
6 196
7 8
7 12
7 14
7 16
7 24
7 25
7 28
7 33
7 37
7 38
7 47
7 49
7 50
7 51
7 56
7 58
7 59
7 64
7 66
7 67
7 70
7 74
7 75
7 79
7 95
7 97
7 99
7 107
7 109
7 113
7 118
7 119
7 133
7 135
7 138
7 141
7 145
7 146
7 155
7 156
7 164
7 165
7 166
7 169
7 179
7 182
7 183
7 184
7 190
7 191
7 197
8 12
8 15
8 41
8 44
8 46
8 47
8 51
8 52
8 54
8 55
8 60
8 64
8 65
8 70
8 71
8 72
8 77
8 83
8 85
8 88
8 92
8 94
8 96
8 106
8 108
8 117
8 120
8 122
8 123
8 125
8 135
8 136
8 138
8 145
8 147
8 153
8 155
8 158
8 159
8 167
8 172
8 173
8 179
8 181
8 189
8 194
8 195
8 196
8 197
8 198
9 10
9 11
9 15
9 17
9 24
9 34
9 36
9 40
9 41
9 50
9 58
9 61
9 63
9 65
9 66
9 68
9 71
9 74
9 75
9 77
9 80
9 82
9 87
9 95
9 98
9 99
9 100
9 107
9 109
9 122
9 126
9 135
9 136
9 139
9 144
9 149
9 150
9 155
9 156
9 157
9 158
9 159
9 160
9 164
9 165
9 166
9 168
9 171
9 173
9 181
9 185
9 187
9 197
10 12
10 16
10 17
10 36
10 43
10 45
10 46
10 53
10 54
10 60
10 70
10 77
10 78
10 80
10 81
10 82
10 84
10 91
10 94
10 95
10 100
10 101
10 103
10 107
10 109
10 110
10 111
10 114
10 115
10 119
10 124
10 127
10 131
10 133
10 138
10 145
10 146
10 147
10 148
10 150
10 155
10 160
10 161
10 168
10 169
10 170
10 172
10 173
10 176
10 182
10 185
10 193
10 195
11 12
11 17
11 20
11 23
11 25
11 27
11 30
11 36
11 39
11 48
11 49
11 50
11 56
11 58
11 59
11 65
11 70
11 71
11 72
11 75
11 76
11 78
11 83
11 96
11 102
11 106
11 109
11 111
11 113
11 117
11 118
11 119
11 124
11 126
11 127
11 128
11 129
11 132
11 135
11 137
11 140
11 142
11 144
11 146
11 162
11 168
11 170
11 172
11 180
11 181
11 191
11 194
11 195
11 197
11 198
12 13
12 18
12 19
12 20
12 21
12 25
12 29
12 33
12 38
12 40
12 60
12 63
12 67
12 70
12 75
12 78
12 82
12 86
12 89
12 93
12 97
12 98
12 100
12 108
12 109
12 112
12 113
12 127
12 129
12 132
12 136
12 137
12 139
12 140
12 141
12 152
12 155
12 162
12 163
12 166
12 168
12 174
12 175
12 186
12 187
12 188
12 196
13 14
13 19
13 20
13 22
13 25
13 27
13 29
13 32
13 35
13 36
13 39
13 41
13 42
13 46
13 51
13 55
13 61
13 66
13 67
13 72
13 80
13 84
13 88
13 90
13 93
13 96
13 98
13 106
13 109
13 116
13 119
13 127
13 139
13 144
13 148
13 151
13 160
13 164
13 171
13 173
13 174
13 176
13 179
13 184
13 188
13 196
13 197
14 15
14 16
14 20
14 29
14 31
14 35
14 38
14 43
14 44
14 46
14 48
14 55
14 56
14 58
14 59
14 64
14 65
14 73
14 74
14 81
14 85
14 86
14 88
14 90
14 92
14 95
14 97
14 98
14 104
14 105
14 110
14 111
14 117
14 127
14 147
14 154
14 161
14 163
14 165
14 171
14 176
14 178
14 195
14 196
14 197
15 18
15 19
15 24
15 26
15 37
15 38
15 39
15 43
15 52
15 63
15 69
15 71
15 75
15 76
15 80
15 83
15 86
15 87
15 90
15 93
15 94
15 95
15 113
15 117
15 119
15 120
15 124
15 125
15 128
15 133
15 135
15 138
15 139
15 142
15 155
15 156
15 158
15 159
15 162
15 167
15 169
15 170
15 173
15 175
15 176
15 177
15 181
15 184
15 187
15 188
15 190
15 191
15 192
16 19
16 22
16 33
16 45
16 46
16 51
16 53
16 57
16 60
16 61
16 69
16 73
16 74
16 77
16 86
16 90
16 91
16 93
16 94
16 97
16 104
16 105
16 106
16 108
16 117
16 120
16 123
16 124
16 125
16 130
16 139
16 140
16 145
16 164
16 165
16 166
16 170
16 175
16 180
16 181
16 185
16 186
16 187
16 190
16 191
16 192
17 24
17 30
17 31
17 44
17 48
17 50
17 54
17 63
17 64
17 71
17 74
17 80
17 84
17 85
17 88
17 91
17 95
17 98
17 104
17 106
17 122
17 124
17 125
17 129
17 130
17 133
17 142
17 149
17 151
17 163
17 172
17 180
17 184
17 192
17 193
17 196
18 20
18 23
18 25
18 27
18 31
18 32
18 34
18 35
18 36
18 38
18 39
18 44
18 46
18 50
18 51
18 63
18 78
18 82
18 83
18 88
18 93
18 94
18 98
18 101
18 104
18 113
18 121
18 125
18 128
18 131
18 133
18 135
18 136
18 140
18 159
18 163
18 174
18 175
18 177
18 181
18 187
18 188
18 192
18 199
19 20
19 25
19 28
19 30
19 33
19 44
19 54
19 56
19 57
19 60
19 61
19 63
19 66
19 71
19 73
19 74
19 78
19 79
19 80
19 81
19 85
19 86
19 88
19 92
19 93
19 100
19 102
19 108
19 111
19 113
19 115
19 118
19 119
19 120
19 122
19 125
19 129
19 131
19 145
19 147
19 149
19 156
19 162
19 165
19 171
19 176
19 177
19 180
19 181
19 184
19 192
19 195
20 30
20 31
20 33
20 36
20 37
20 38
20 48
20 52
20 57
20 58
20 64
20 65
20 70
20 72
20 76
20 79
20 85
20 94
20 102
20 104
20 110
20 112
20 113
20 114
20 124
20 130
20 133
20 135
20 136
20 140
20 141
20 148
20 149
20 150
20 151
20 162
20 163
20 172
20 176
20 178
20 188
20 193
20 196
20 199
21 23
21 26
21 32
21 33
21 34
21 43
21 44
21 46
21 47
21 48
21 56
21 65
21 67
21 71
21 77
21 78
21 80
21 81
21 90
21 94
21 97
21 98
21 103
21 105
21 106
21 123
21 128
21 133
21 136
21 144
21 147
21 157
21 159
21 162
21 165
21 168
21 176
21 179
21 180
21 183
21 185
21 192
21 193
21 195
22 24
22 29
22 31
22 33
22 35
22 37
22 39
22 40
22 44
22 45
22 47
22 57
22 58
22 59
22 62
22 65
22 67
22 71
22 78
22 84
22 85
22 87
22 89
22 90
22 93
22 112
22 121
22 122
22 125
22 126
22 136
22 148
22 151
22 161
22 163
22 168
22 169
22 180
22 192
22 194
22 197
23 25
23 27
23 33
23 36
23 39
23 43
23 47
23 57
23 62
23 63
23 64
23 68
23 72
23 75
23 81
23 84
23 86
23 101
23 102
23 111
23 117
23 118
23 119
23 126
23 128
23 132
23 134
23 143
23 144
23 149
23 152
23 158
23 168
23 179
23 180
23 183
23 185
24 32
24 36
24 38
24 39
24 41
24 46
24 47
24 49
24 59
24 64
24 74
24 76
24 78
24 81
24 82
24 84
24 91
24 96
24 101
24 106
24 110
24 112
24 115
24 122
24 123
24 126
24 127
24 133
24 141
24 147
24 149
24 152
24 156
24 157
24 158
24 163
24 167
24 169
24 175
24 180
24 185
24 189
24 194
25 26
25 32
25 38
25 49
25 51
25 55
25 59
25 60
25 61
25 77
25 82
25 83
25 84
25 86
25 87
25 92
25 97
25 101
25 103
25 105
25 111
25 126
25 127
25 128
25 130
25 131
25 134
25 138
25 143
25 145
25 148
25 149
25 153
25 158
25 159
25 165
25 166
25 167
25 168
25 170
25 173
25 176
25 178
25 180
25 184
25 189
25 190
25 192
25 193
25 198
26 27
26 28
26 29
26 33
26 34
26 35
26 38
26 39
26 46
26 48
26 50
26 59
26 60
26 63
26 65
26 69
26 72
26 78
26 80
26 91
26 96
26 100
26 103
26 106
26 110
26 113
26 117
26 124
26 126
26 128
26 132
26 133
26 137
26 140
26 145
26 149
26 153
26 162
26 172
26 173
26 179
26 180
26 186
26 187
26 188
26 193
26 194
27 28
27 29
27 30
27 35
27 39
27 43
27 44
27 58
27 68
27 70
27 72
27 73
27 84
27 85
27 95
27 107
27 112
27 116
27 120
27 121
27 135
27 142
27 145
27 154
27 166
27 167
27 174
27 175
27 178
27 184
27 188
27 192
27 198
28 30
28 31
28 33
28 34
28 36
28 56
28 57
28 66
28 70
28 72
28 73
28 74
28 78
28 82
28 84
28 87
28 94
28 95
28 96
28 104
28 113
28 118
28 122
28 123
28 125
28 139
28 140
28 143
28 147
28 158
28 167
28 170
28 175
28 179
28 180
28 184
28 186
28 188
28 193
28 195
28 198
29 33
29 35
29 38
29 46
29 52
29 56
29 58
29 59
29 61
29 63
29 64
29 65
29 68
29 69
29 72
29 73
29 83
29 85
29 86
29 87
29 89
29 90
29 92
29 93
29 101
29 106
29 110
29 115
29 116
29 117
29 120
29 122
29 126
29 128
29 131
29 135
29 137
29 141
29 142
29 147
29 149
29 153
29 154
29 155
29 162
29 165
29 170
29 180
29 191
30 32
30 36
30 43
30 48
30 50
30 52
30 59
30 61
30 64
30 66
30 67
30 70
30 77
30 82
30 84
30 89
30 91
30 92
30 96
30 97
30 101
30 102
30 103
30 104
30 107
30 111
30 112
30 127
30 128
30 141
30 143
30 146
30 152
30 157
30 158
30 159
30 161
30 162
30 167
30 171
30 184
30 185
30 193
30 194
30 197
30 198
31 36
31 38
31 45
31 51
31 57
31 59
31 62
31 70
31 72
31 82
31 84
31 87
31 90
31 96
31 105
31 124
31 130
31 139
31 142
31 146
31 147
31 148
31 149
31 151
31 155
31 156
31 161
31 163
31 169
31 170
31 178
31 186
31 195
31 197
32 34
32 35
32 37
32 39
32 44
32 46
32 53
32 59
32 64
32 69
32 71
32 73
32 75
32 76
32 78
32 81
32 82
32 87
32 89
32 97
32 98
32 103
32 105
32 106
32 108
32 117
32 123
32 130
32 136
32 144
32 148
32 156
32 159
32 171
32 181
32 186
32 189
32 199
33 43
33 44
33 49
33 50
33 54
33 56
33 58
33 62
33 63
33 66
33 74
33 78
33 81
33 84
33 100
33 104
33 107
33 114
33 117
33 119
33 121
33 136
33 150
33 154
33 159
33 162
33 163
33 164
33 165
33 166
33 168
33 170
33 175
33 176
33 178
33 183
33 191
34 36
34 40
34 49
34 52
34 59
34 61
34 64
34 65
34 73
34 79
34 88
34 98
34 100
34 102
34 107
34 110
34 120
34 123
34 126
34 137
34 138
34 139
34 142
34 143
34 144
34 150
34 152
34 159
34 162
34 166
34 183
34 184
34 189
34 190
34 191
34 194
34 195
34 196
34 197
34 198
35 53
35 54
35 65
35 66
35 78
35 79
35 82
35 103
35 106
35 107
35 109
35 112
35 113
35 115
35 117
35 126
35 129
35 130
35 131
35 136
35 139
35 145
35 155
35 158
35 168
35 172
35 174
35 193
35 195
35 196
35 197
36 39
36 44
36 48
36 49
36 50
36 51
36 63
36 64
36 65
36 67
36 87
36 88
36 90
36 91
36 105
36 113
36 115
36 119
36 120
36 121
36 122
36 125
36 131
36 132
36 133
36 141
36 142
36 143
36 144
36 147
36 148
36 149
36 151
36 153
36 159
36 164
36 166
36 168
36 170
36 174
36 176
36 180
36 182
36 185
36 192
36 193
36 195
36 197
37 38
37 41
37 46
37 52
37 55
37 56
37 57
37 59
37 78
37 85
37 88
37 89
37 91
37 93
37 94
37 108
37 113
37 115
37 117
37 128
37 135
37 138
37 142
37 143
37 150
37 151
37 152
37 154
37 158
37 161
37 165
37 173
37 179
37 190
37 192
37 193
38 43
38 54
38 61
38 71
38 72
38 73
38 77
38 79
38 80
38 81
38 88
38 91
38 100
38 101
38 106
38 107
38 111
38 113
38 115
38 119
38 120
38 122
38 123
38 124
38 126
38 131
38 136
38 138
38 143
38 150
38 151
38 155
38 159
38 160
38 161
38 164
38 166
38 175
38 179
38 180
38 191
38 192
38 194
38 199
39 48
39 59
39 60
39 63
39 69
39 71
39 73
39 77
39 79
39 81
39 83
39 86
39 99
39 100
39 102
39 117
39 129
39 130
39 132
39 133
39 137
39 138
39 142
39 146
39 148
39 155
39 160
39 164
39 165
39 167
39 173
39 175
39 177
39 179
39 181
39 183
39 185
39 188
39 189
39 191
40 41
40 42
40 50
40 57
40 60
40 62
40 63
40 64
40 65
40 72
40 76
40 77
40 84
40 90
40 92
40 96
40 99
40 101
40 102
40 114
40 116
40 120
40 125
40 136
40 137
40 142
40 145
40 156
40 164
40 183
40 185
40 187
40 191
40 192
40 194
41 43
41 47
41 51
41 55
41 56
41 60
41 64
41 66
41 67
41 68
41 80
41 81
41 87
41 102
41 103
41 104
41 118
41 121
41 122
41 131
41 134
41 140
41 141
41 144
41 146
41 147
41 148
41 156
41 166
41 170
41 171
41 172
41 173
41 198
42 43
42 47
42 49
42 69
42 73
42 74
42 75
42 79
42 82
42 83
42 87
42 89
42 91
42 98
42 101
42 111
42 119
42 124
42 129
42 140
42 142
42 155
42 160
42 161
42 166
42 169
42 172
42 174
42 175
42 176
42 177
42 179
42 182
42 184
42 186
42 193
42 194
42 199
43 50
43 52
43 54
43 56
43 61
43 67
43 68
43 75
43 80
43 81
43 82
43 83
43 85
43 86
43 87
43 88
43 94
43 95
43 103
43 108
43 110
43 116
43 118
43 120
43 121
43 134
43 138
43 139
43 140
43 148
43 154
43 171
43 173
43 175
43 179
43 184
43 185
43 186
43 187
43 188
43 192
43 196
43 198
44 45
44 48
44 51
44 52
44 54
44 58
44 63
44 64
44 66
44 70
44 73
44 82
44 88
44 91
44 96
44 100
44 102
44 103
44 105
44 109
44 111
44 115
44 119
44 122
44 126
44 130
44 142
44 144
44 151
44 152
44 158
44 160
44 165
44 168
44 169
44 170
44 172
44 173
44 176
44 178
44 180
44 181
44 187
44 191
44 194
44 196
45 51
45 59
45 64
45 69
45 71
45 73
45 76
45 81
45 84
45 99
45 104
45 106
45 109
45 112
45 121
45 127
45 129
45 130
45 136
45 137
45 142
45 145
45 149
45 155
45 158
45 160
45 170
45 175
45 178
45 179
45 180
46 50
46 55
46 58
46 60
46 73
46 75
46 77
46 78
46 81
46 88
46 93
46 97
46 99
46 101
46 105
46 106
46 111
46 118
46 120
46 127
46 134
46 135
46 137
46 143
46 146
46 147
46 151
46 156
46 160
46 162
46 163
46 166
46 167
46 170
46 172
46 175
46 177
46 178
46 179
46 182
46 184
46 196
46 198
46 199
47 48
47 50
47 57
47 59
47 63
47 64
47 71
47 72
47 91
47 99
47 102
47 103
47 104
47 106
47 109
47 114
47 118
47 119
47 130
47 132
47 136
47 137
47 139
47 144
47 148
47 150
47 154
47 157
47 160
47 161
47 169
47 177
47 180
47 187
47 190
47 192
47 199
48 51
48 55
48 58
48 60
48 69
48 81
48 85
48 86
48 104
48 106
48 107
48 112
48 117
48 119
48 121
48 123
48 131
48 132
48 145
48 151
48 160
48 164
48 170
48 183
48 186
48 187
48 190
48 193
48 198
49 50
49 53
49 58
49 64
49 70
49 71
49 78
49 79
49 88
49 92
49 95
49 96
49 97
49 101
49 105
49 108
49 109
49 113
49 114
49 121
49 124
49 131
49 140
49 142
49 143
49 149
49 165
49 171
49 173
49 178
49 180
49 188
49 189
49 191
49 197
49 199
50 52
50 54
50 57
50 58
50 68
50 74
50 84
50 87
50 89
50 93
50 96
50 101
50 103
50 111
50 118
50 120
50 121
50 123
50 126
50 127
50 137
50 138
50 143
50 150
50 152
50 157
50 161
50 167
50 171
50 173
50 174
50 181
50 186
50 187
50 191
50 196
50 199
51 57
51 58
51 65
51 70
51 71
51 72
51 73
51 74
51 75
51 77
51 78
51 81
51 90
51 93
51 94
51 100
51 103
51 104
51 112
51 117
51 119
51 126
51 127
51 128
51 131
51 132
51 137
51 138
51 142
51 152
51 157
51 161
51 163
51 164
51 165
51 167
51 168
51 169
51 172
51 174
51 178
51 188
51 190
51 195
51 197
52 55
52 57
52 69
52 72
52 73
52 76
52 77
52 80
52 84
52 85
52 87
52 90
52 91
52 92
52 97
52 99
52 115
52 118
52 122
52 123
52 127
52 132
52 136
52 138
52 145
52 148
52 160
52 161
52 164
52 165
52 168
52 169
52 172
52 183
52 189
52 190
52 191
52 199
53 56
53 60
53 64
53 74
53 75
53 77
53 78
53 81
53 90
53 98
53 100
53 103
53 104
53 105
53 106
53 110
53 119
53 124
53 133
53 136
53 148
53 150
53 151
53 153
53 159
53 164
53 166
53 168
53 174
53 176
53 181
53 183
53 191
53 192
53 193
53 197
54 55
54 58
54 61
54 66
54 71
54 73
54 75
54 77
54 88
54 90
54 94
54 95
54 96
54 99
54 100
54 114
54 116
54 118
54 119
54 122
54 123
54 124
54 125
54 129
54 136
54 138
54 140
54 143
54 144
54 149
54 163
54 164
54 174
54 175
54 180
54 182
54 191
55 57
55 60
55 61
55 65
55 71
55 73
55 75
55 88
55 90
55 92
55 94
55 100
55 112
55 117
55 119
55 120
55 121
55 122
55 125
55 128
55 134
55 136
55 148
55 149
55 152
55 153
55 158
55 159
55 160
55 161
55 171
55 172
55 177
55 178
55 181
55 195
55 196
55 197
56 61
56 62
56 64
56 65
56 67
56 68
56 70
56 75
56 82
56 85
56 88
56 89
56 96
56 102
56 103
56 108
56 115
56 119
56 120
56 126
56 129
56 133
56 139
56 140
56 141
56 146
56 151
56 152
56 157
56 159
56 160
56 164
56 169
56 179
56 182
56 192
56 194
57 60
57 64
57 67
57 70
57 74
57 89
57 90
57 91
57 94
57 95
57 104
57 112
57 116
57 117
57 121
57 122
57 126
57 132
57 136
57 137
57 140
57 141
57 147
57 148
57 158
57 160
57 165
57 166
57 167
57 172
57 175
57 177
57 178
57 183
57 186
57 187
57 192
57 197
57 198
58 60
58 61
58 63
58 65
58 67
58 79
58 82
58 89
58 90
58 96
58 97
58 105
58 110
58 111
58 112
58 113
58 117
58 119
58 122
58 126
58 129
58 131
58 135
58 137
58 143
58 152
58 165
58 166
58 171
58 172
58 173
58 179
58 182
58 185
58 189
58 190
59 67
59 68
59 72
59 74
59 75
59 76
59 79
59 82
59 84
59 90
59 99
59 103
59 105
59 106
59 108
59 109
59 113
59 114
59 116
59 122
59 124
59 128
59 136
59 138
59 142
59 145
59 148
59 149
59 150
59 152
59 153
59 157
59 160
59 162
59 163
59 165
59 171
59 173
59 175
59 180
59 190
59 194
59 195
60 61
60 63
60 69
60 72
60 75
60 81
60 83
60 89
60 91
60 94
60 113
60 116
60 120
60 121
60 123
60 128
60 130
60 133
60 134
60 142
60 144
60 145
60 147
60 148
60 153
60 155
60 159
60 161
60 172
60 173
60 176
60 182
60 190
60 195
60 196
60 197
60 198
61 62
61 63
61 64
61 69
61 70
61 74
61 75
61 76
61 78
61 84
61 95
61 96
61 102
61 114
61 125
61 127
61 135
61 140
61 142
61 144
61 146
61 154
61 155
61 162
61 164
61 167
61 170
61 175
61 181
61 182
61 189
61 191
61 195
61 198
62 64
62 65
62 67
62 75
62 77
62 86
62 88
62 98
62 99
62 100
62 102
62 105
62 110
62 121
62 124
62 126
62 127
62 132
62 135
62 139
62 146
62 151
62 162
62 164
62 166
62 174
62 177
62 178
62 179
62 181
62 183
62 185
62 186
62 189
62 190
62 196
62 199
63 66
63 71
63 76
63 78
63 88
63 89
63 90
63 91
63 98
63 99
63 101
63 105
63 114
63 124
63 127
63 130
63 131
63 133
63 134
63 137
63 138
63 142
63 149
63 150
63 152
63 165
63 173
63 174
63 176
63 180
63 190
63 191
64 66
64 70
64 72
64 76
64 77
64 78
64 85
64 86
64 90
64 98
64 103
64 104
64 105
64 111
64 115
64 117
64 119
64 122
64 125
64 131
64 132
64 135
64 162
64 169
64 175
64 176
64 179
64 186
64 187
64 188
64 191
64 195
65 66
65 67
65 71
65 73
65 75
65 79
65 85
65 89
65 90
65 97
65 98
65 103
65 107
65 112
65 113
65 125
65 126
65 129
65 133
65 138
65 143
65 156
65 157
65 158
65 161
65 164
65 165
65 170
65 173
65 178
65 179
65 186
65 187
65 189
65 194
65 196
65 199
66 71
66 74
66 75
66 78
66 81
66 82
66 99
66 108
66 114
66 123
66 130
66 134
66 136
66 139
66 140
66 145
66 148
66 159
66 160
66 161
66 169
66 172
66 174
66 176
66 177
66 184
66 185
66 196
66 197
67 71
67 72
67 73
67 74
67 75
67 77
67 78
67 80
67 82
67 83
67 93
67 94
67 95
67 100
67 101
67 103
67 106
67 109
67 113
67 114
67 115
67 119
67 121
67 131
67 132
67 135
67 138
67 139
67 142
67 143
67 147
67 154
67 158
67 159
67 162
67 171
67 175
67 176
67 183
67 188
67 190
67 194
67 196
67 198
67 199
68 87
68 91
68 94
68 95
68 99
68 102
68 109
68 114
68 119
68 122
68 126
68 128
68 136
68 137
68 141
68 143
68 152
68 175
68 178
68 189
68 191
68 193
68 194
68 195
68 197
69 76
69 81
69 86
69 89
69 101
69 106
69 107
69 112
69 117
69 118
69 123
69 124
69 131
69 132
69 135
69 140
69 144
69 148
69 149
69 151
69 153
69 154
69 164
69 170
69 173
69 174
69 175
69 176
69 186
69 187
69 192
69 196
69 197
70 73
70 78
70 80
70 84
70 92
70 95
70 98
70 101
70 102
70 103
70 108
70 111
70 115
70 121
70 127
70 131
70 132
70 136
70 139
70 144
70 151
70 154
70 156
70 157
70 158
70 161
70 164
70 186
70 192
70 197
70 198
71 76
71 78
71 80
71 81
71 84
71 86
71 90
71 91
71 95
71 96
71 98
71 101
71 102
71 109
71 110
71 111
71 112
71 115
71 121
71 123
71 125
71 126
71 134
71 140
71 144
71 150
71 159
71 160
71 161
71 163
71 164
71 165
71 167
71 168
71 176
71 179
71 187
72 74
72 75
72 79
72 80
72 87
72 88
72 89
72 90
72 93
72 95
72 98
72 99
72 105
72 110
72 115
72 125
72 132
72 136
72 143
72 145
72 157
72 164
72 165
72 173
72 178
72 179
72 190
72 192
72 193
72 198
72 199
73 75
73 81
73 87
73 89
73 91
73 94
73 101
73 102
73 112
73 113
73 121
73 125
73 126
73 130
73 144
73 150
73 151
73 153
73 156
73 157
73 159
73 174
73 175
73 176
73 177
73 179
73 190
74 84
74 86
74 91
74 95
74 99
74 105
74 115
74 116
74 117
74 131
74 133
74 137
74 153
74 154
74 164
74 168
74 170
74 171
74 172
74 174
74 175
74 177
74 183
74 184
74 185
74 189
75 80
75 83
75 87
75 95
75 100
75 104
75 107
75 108
75 116
75 117
75 120
75 124
75 128
75 135
75 137
75 139
75 150
75 154
75 179
75 184
75 185
75 188
75 189
75 194
75 197
76 77
76 83
76 88
76 90
76 96
76 105
76 106
76 115
76 122
76 124
76 127
76 128
76 132
76 134
76 139
76 141
76 143
76 145
76 147
76 151
76 155
76 156
76 160
76 162
76 166
76 172
76 178
76 180
76 192
76 194
77 78
77 94
77 97
77 100
77 104
77 107
77 108
77 117
77 118
77 120
77 132
77 137
77 145
77 146
77 150
77 156
77 160
77 162
77 164
77 166
77 171
77 172
77 173
77 174
77 179
77 181
77 182
77 183
77 184
77 196
77 198
78 88
78 91
78 94
78 95
78 102
78 110
78 128
78 131
78 134
78 140
78 146
78 147
78 151
78 154
78 155
78 162
78 174
78 177
78 183
78 187
79 88
79 94
79 97
79 100
79 101
79 108
79 109
79 110
79 118
79 120
79 128
79 131
79 135
79 138
79 139
79 145
79 150
79 154
79 158
79 169
79 171
79 173
79 174
79 176
79 179
79 180
79 182
79 183
79 186
79 190
79 197
80 90
80 98
80 104
80 105
80 110
80 111
80 112
80 115
80 116
80 118
80 120
80 129
80 130
80 133
80 137
80 138
80 149
80 155
80 157
80 165
80 172
80 173
80 181
80 182
80 183
80 192
80 193
80 194
81 84
81 88
81 89
81 92
81 93
81 96
81 98
81 100
81 103
81 107
81 111
81 114
81 125
81 130
81 134
81 136
81 137
81 139
81 140
81 148
81 149
81 151
81 153
81 163
81 171
81 172
81 182
81 184
81 186
81 190
81 191
81 193
81 196
82 86
82 87
82 88
82 90
82 102
82 106
82 114
82 120
82 126
82 130
82 139
82 141
82 142
82 143
82 147
82 148
82 150
82 156
82 160
82 162
82 168
82 169
82 173
82 175
82 177
82 182
82 194
82 196
83 84
83 88
83 93
83 94
83 103
83 115
83 122
83 125
83 128
83 129
83 135
83 136
83 137
83 138
83 150
83 152
83 164
83 165
83 169
83 171
83 173
83 174
83 180
83 182
83 186
83 187
83 192
83 195
84 91
84 95
84 97
84 98
84 103
84 106
84 107
84 115
84 118
84 120
84 124
84 125
84 126
84 127
84 129
84 133
84 138
84 140
84 143
84 147
84 149
84 162
84 164
84 171
84 172
84 174
84 183
84 185
84 187
84 193
84 194
84 195
84 197
85 90
85 92
85 93
85 94
85 99
85 102
85 107
85 119
85 120
85 126
85 128
85 129
85 136
85 141
85 145
85 147
85 149
85 150
85 151
85 154
85 158
85 160
85 162
85 172
85 173
85 174
85 176
85 177
85 181
85 182
85 183
85 187
85 189
85 192
85 195
85 196
85 197
85 198
86 87
86 88
86 89
86 90
86 95
86 97
86 99
86 100
86 101
86 102
86 103
86 105
86 108
86 116
86 119
86 121
86 122
86 123
86 128
86 142
86 144
86 150
86 155
86 156
86 162
86 164
86 165
86 167
86 173
86 175
86 176
86 177
86 188
86 190
86 191
87 89
87 93
87 94
87 96
87 107
87 111
87 112
87 113
87 115
87 117
87 118
87 123
87 134
87 136
87 137
87 144
87 147
87 151
87 154
87 156
87 159
87 167
87 172
87 173
87 183
87 186
87 190
87 194
87 195
87 196
87 197
88 89
88 95
88 102
88 107
88 111
88 112
88 113
88 121
88 122
88 123
88 125
88 141
88 142
88 144
88 146
88 147
88 148
88 149
88 150
88 161
88 166
88 169
88 172
88 175
88 178
88 179
88 187
89 94
89 97
89 107
89 111
89 118
89 125
89 126
89 127
89 132
89 134
89 136
89 150
89 152
89 155
89 169
89 170
89 171
89 173
89 174
89 178
89 179
89 182
89 183
89 185
89 186
89 188
89 194
89 195
90 92
90 97
90 115
90 117
90 122
90 123
90 125
90 134
90 138
90 141
90 143
90 144
90 152
90 156
90 162
90 165
90 171
90 173
90 177
90 180
90 184
90 186
90 188
90 194
90 195
90 196
90 198
91 97
91 101
91 106
91 107
91 108
91 113
91 115
91 123
91 127
91 128
91 132
91 135
91 141
91 151
91 152
91 157
91 159
91 164
91 165
91 171
91 174
91 177
91 178
91 180
91 187
91 188
91 189
91 191
91 199
92 93
92 100
92 105
92 107
92 111
92 115
92 118
92 119
92 120
92 138
92 140
92 144
92 151
92 152
92 154
92 155
92 161
92 162
92 164
92 167
92 168
92 169
92 170
92 173
92 174
92 176
92 182
92 185
92 192
93 101
93 102
93 103
93 105
93 106
93 107
93 111
93 116
93 122
93 128
93 131
93 139
93 140
93 145
93 146
93 147
93 154
93 157
93 161
93 167
93 172
93 176
93 178
93 180
93 181
93 185
93 187
93 189
93 197
94 96
94 101
94 103
94 105
94 107
94 112
94 113
94 114
94 123
94 129
94 130
94 131
94 132
94 134
94 144
94 145
94 149
94 151
94 152
94 153
94 156
94 158
94 161
94 164
94 165
94 172
94 179
94 180
94 181
94 189
94 192
94 193
94 194
94 197
94 198
95 99
95 106
95 108
95 109
95 110
95 113
95 115
95 118
95 123
95 128
95 129
95 130
95 132
95 133
95 134
95 139
95 140
95 144
95 155
95 158
95 162
95 163
95 169
95 170
95 181
95 184
95 187
95 191
95 199
96 98
96 106
96 110
96 113
96 114
96 115
96 119
96 120
96 121
96 125
96 127
96 128
96 130
96 136
96 139
96 141
96 143
96 153
96 155
96 157
96 160
96 162
96 168
96 169
96 171
96 179
96 184
96 186
96 187
96 190
96 195
96 197
97 98
97 101
97 102
97 106
97 128
97 129
97 134
97 136
97 137
97 144
97 148
97 151
97 161
97 162
97 163
97 165
97 168
97 176
97 180
97 183
97 185
97 188
98 99
98 101
98 102
98 104
98 107
98 112
98 121
98 122
98 124
98 125
98 127
98 129
98 135
98 136
98 139
98 143
98 147
98 151
98 178
98 186
98 191
98 194
98 195
99 103
99 106
99 111
99 112
99 120
99 122
99 124
99 127
99 129
99 130
99 135
99 136
99 139
99 142
99 155
99 157
99 172
99 175
99 177
99 178
99 185
99 192
99 193
99 194
100 101
100 104
100 108
100 112
100 124
100 126
100 134
100 135
100 136
100 139
100 142
100 143
100 149
100 150
100 159
100 172
100 178
100 187
100 196
100 199
101 105
101 106
101 109
101 110
101 115
101 116
101 122
101 123
101 124
101 128
101 129
101 132
101 139
101 141
101 146
101 152
101 158
101 160
101 165
101 171
101 176
101 177
101 179
101 187
101 189
101 195
102 104
102 105
102 108
102 109
102 123
102 126
102 128
102 137
102 142
102 145
102 146
102 160
102 161
102 162
102 164
102 168
102 169
102 170
102 172
102 178
102 184
102 188
103 107
103 108
103 109
103 115
103 117
103 119
103 124
103 126
103 128
103 137
103 138
103 139
103 150
103 151
103 155
103 158
103 163
103 165
103 168
103 169
103 176
103 181
103 185
103 194
103 195
104 108
104 115
104 120
104 128
104 130
104 132
104 138
104 141
104 142
104 151
104 155
104 170
104 177
104 178
104 181
104 185
104 197
104 198
105 106
105 107
105 108
105 111
105 114
105 116
105 118
105 121
105 123
105 126
105 127
105 129
105 140
105 143
105 149
105 152
105 162
105 164
105 165
105 166
105 169
105 174
105 183
106 107
106 109
106 117
106 120
106 122
106 127
106 129
106 130
106 134
106 138
106 144
106 147
106 148
106 155
106 157
106 159
106 164
106 168
106 169
106 171
106 174
106 178
106 179
106 183
106 185
106 187
106 188
106 193
106 195
106 196
107 108
107 112
107 121
107 126
107 130
107 134
107 135
107 144
107 145
107 147
107 154
107 157
107 162
107 172
107 180
107 183
107 186
107 193
107 196
107 198
107 199
108 111
108 116
108 125
108 132
108 133
108 134
108 139
108 141
108 146
108 153
108 156
108 158
108 167
108 168
108 173
108 174
108 188
108 190
108 192
108 198
109 120
109 122
109 123
109 128
109 132
109 137
109 144
109 158
109 170
109 173
109 175
109 176
109 177
109 178
109 182
109 184
109 188
109 190
109 192
109 198
110 113
110 117
110 119
110 122
110 127
110 132
110 145
110 149
110 152
110 153
110 157
110 158
110 160
110 162
110 170
110 173
110 175
110 176
110 180
110 181
110 188
110 191
110 196
111 114
111 121
111 126
111 127
111 131
111 138
111 140
111 145
111 147
111 148
111 149
111 158
111 161
111 162
111 165
111 170
111 171
111 172
111 177
111 178
111 179
111 180
111 181
111 182
111 184
111 185
111 186
111 187
111 192
111 193
111 194
111 196
112 116
112 119
112 128
112 129
112 130
112 133
112 137
112 139
112 145
112 147
112 148
112 154
112 160
112 161
112 168
112 170
112 171
112 177
112 181
112 185
112 195
112 199
113 118
113 126
113 132
113 134
113 137
113 140
113 144
113 149
113 150
113 151
113 165
113 166
113 169
113 179
113 183
113 186
113 187
113 189
113 191
113 193
113 196
114 115
114 122
114 126
114 132
114 133
114 144
114 145
114 154
114 157
114 159
114 160
114 162
114 167
114 172
114 174
114 177
114 180
114 183
114 186
114 187
114 195
115 117
115 118
115 129
115 137
115 142
115 144
115 145
115 146
115 147
115 152
115 158
115 162
115 169
115 172
115 176
115 178
115 179
115 180
115 188
116 122
116 134
116 135
116 140
116 150
116 155
116 158
116 159
116 160
116 161
116 162
116 166
116 169
116 170
116 171
116 174
116 177
116 179
116 180
116 189
116 192
116 197
116 198
116 199
117 120
117 123
117 131
117 137
117 139
117 142
117 146
117 148
117 149
117 151
117 157
117 172
117 176
117 180
117 181
117 184
117 186
117 191
117 195
117 198
117 199
118 122
118 133
118 136
118 140
118 143
118 147
118 151
118 155
118 158
118 159
118 164
118 165
118 166
118 170
118 172
118 174
118 181
118 188
118 196
118 197
118 199
119 121
119 139
119 141
119 148
119 151
119 155
119 156
119 162
119 170
119 171
119 173
119 185
119 187
119 191
119 193
119 194
119 197
120 121
120 122
120 128
120 130
120 138
120 144
120 147
120 155
120 158
120 159
120 163
120 164
120 165
120 168
120 169
120 172
120 173
120 177
120 184
120 194
121 122
121 123
121 124
121 125
121 129
121 131
121 137
121 138
121 143
121 148
121 151
121 153
121 154
121 156
121 158
121 159
121 170
121 182
121 183
121 185
121 189
121 191
121 197
122 129
122 131
122 140
122 143
122 144
122 145
122 153
122 161
122 168
122 169
122 172
122 174
122 190
122 191
122 196
122 197
123 126
123 138
123 139
123 142
123 147
123 152
123 156
123 157
123 159
123 161
123 163
123 164
123 166
123 167
123 169
123 178
123 184
123 185
123 193
123 194
123 196
123 197
124 128
124 140
124 149
124 154
124 156
124 162
124 166
124 168
124 169
124 171
124 173
124 177
124 180
124 181
124 188
124 190
124 193
125 127
125 131
125 134
125 135
125 142
125 144
125 146
125 152
125 153
125 158
125 166
125 167
125 171
125 175
125 177
125 179
125 181
125 185
125 189
125 192
125 197
125 199
126 131
126 142
126 144
126 156
126 157
126 160
126 167
126 168
126 174
126 177
126 179
126 180
126 184
126 185
126 197
126 199
127 128
127 129
127 131
127 137
127 140
127 141
127 143
127 144
127 147
127 149
127 151
127 156
127 162
127 166
127 168
127 171
127 172
127 176
127 178
127 185
127 186
127 188
127 191
127 193
128 129
128 132
128 135
128 137
128 139
128 140
128 142
128 146
128 147
128 152
128 154
128 160
128 165
128 166
128 172
128 176
128 178
128 182
128 183
128 184
128 185
128 186
128 189
128 190
128 192
128 194
129 131
129 132
129 137
129 138
129 141
129 148
129 156
129 158
129 177
129 181
129 186
129 187
129 189
129 191
129 194
129 197
130 134
130 137
130 138
130 140
130 150
130 153
130 157
130 165
130 170
130 173
130 179
130 186
130 188
131 132
131 140
131 143
131 144
131 145
131 148
131 152
131 155
131 156
131 162
131 167
131 176
131 183
131 185
131 188
131 191
131 196
132 134
132 139
132 144
132 146
132 148
132 153
132 157
132 160
132 164
132 165
132 169
132 173
132 174
132 182
132 183
132 185
132 188
132 191
132 199
133 135
133 137
133 140
133 141
133 142
133 146
133 147
133 158
133 161
133 172
133 173
133 183
133 184
133 187
133 188
133 190
133 194
133 195
134 135
134 136
134 139
134 146
134 150
134 151
134 160
134 163
134 165
134 169
134 171
134 174
134 178
134 182
134 184
134 185
134 186
134 198
135 139
135 140
135 142
135 151
135 155
135 159
135 161
135 164
135 173
135 175
135 180
135 189
135 190
135 191
135 196
135 199
136 142
136 145
136 150
136 153
136 155
136 158
136 162
136 163
136 167
136 172
136 173
136 183
136 185
136 192
136 195
137 138
137 140
137 142
137 143
137 148
137 152
137 157
137 160
137 161
137 162
137 164
137 165
137 166
137 169
137 178
137 179
137 180
137 181
137 188
137 189
137 190
137 195
137 198
137 199
138 146
138 148
138 163
138 166
138 185
138 186
138 189
138 192
138 199
139 140
139 143
139 144
139 154
139 159
139 164
139 170
139 172
139 173
139 180
139 182
139 193
139 198
140 152
140 159
140 165
140 166
140 177
140 179
140 190
140 191
140 192
140 196
141 159
141 160
141 166
141 167
141 171
141 180
141 182
141 183
141 187
141 188
142 147
142 149
142 150
142 153
142 155
142 158
142 163
142 164
142 171
142 173
142 175
142 183
142 187
142 190
142 192
142 194
142 197
142 199
143 144
143 148
143 149
143 158
143 170
143 171
143 180
143 185
143 187
143 189
143 194
143 195
144 147
144 153
144 157
144 165
144 168
144 170
144 172
144 179
144 186
144 188
144 194
144 199
145 155
145 161
145 165
145 167
145 170
145 177
145 184
145 190
145 192
145 195
145 199
146 151
146 152
146 155
146 165
146 168
146 170
146 173
146 175
146 182
146 184
146 185
146 189
146 191
146 198
146 199
147 149
147 159
147 160
147 162
147 169
147 172
147 177
147 178
147 192
147 194
147 197
147 198
148 151
148 152
148 154
148 158
148 163
148 167
148 168
148 170
148 172
148 177
148 178
148 179
148 181
148 186
148 194
148 195
148 196
148 198
149 152
149 155
149 160
149 161
149 172
149 173
149 178
149 186
150 164
150 166
150 176
150 179
150 186
150 188
150 194
151 158
151 159
151 162
151 171
151 173
151 180
151 181
151 182
151 184
151 193
151 195
151 199
152 153
152 155
152 159
152 162
152 165
152 168
152 169
152 184
152 187
152 189
152 190
152 195
152 198
153 155
153 156
153 157
153 158
153 159
153 160
153 166
153 167
153 168
153 170
153 175
153 178
153 183
153 186
153 195
154 155
154 157
154 161
154 164
154 165
154 171
154 177
154 187
154 195
155 156
155 164
155 165
155 170
155 173
155 176
155 182
155 183
155 185
155 187
155 193
155 195
156 170
156 184
156 188
156 191
156 197
157 158
157 166
157 175
157 180
157 183
157 187
157 189
157 190
157 193
158 164
158 165
158 168
158 178
158 179
158 180
158 184
158 185
158 191
158 198
159 162
159 169
159 173
159 190
159 193
159 194
159 197
160 162
160 169
160 171
160 172
160 173
160 177
160 180
160 190
160 191
160 193
160 196
160 197
161 165
161 166
161 170
161 171
161 177
161 179
161 180
161 181
161 184
161 197
161 198
161 199
162 178
162 180
162 182
162 186
162 187
162 188
162 195
163 166
163 169
163 177
163 179
163 180
163 183
163 188
163 189
163 192
163 195
164 166
164 167
164 175
164 180
164 183
164 186
164 188
164 189
164 192
164 193
165 169
165 182
165 186
165 192
165 196
166 172
166 173
166 186
166 187
166 195
166 199
167 171
167 175
167 177
167 179
167 182
167 185
167 187
167 188
167 189
167 193
167 198
168 174
168 186
168 187
168 190
168 193
168 197
168 199
169 171
169 173
169 188
169 190
169 197
169 198
170 171
170 172
170 173
170 174
170 176
170 183
170 184
170 188
170 190
170 193
170 194
171 179
171 183
171 185
171 190
171 196
172 174
172 178
172 179
172 188
172 189
172 193
172 194
172 196
172 197
172 198
173 181
173 182
173 183
173 184
173 185
173 194
174 178
174 182
174 187
174 192
174 197
175 181
175 182
175 187
175 193
175 198
176 177
176 179
176 185
176 186
176 191
176 192
176 194
177 178
177 179
177 182
177 184
177 186
177 188
177 194
177 197
177 198
178 180
178 184
179 181
179 186
179 187
179 191
179 193
179 196
180 182
180 190
180 191
181 183
181 185
181 194
182 194
182 195
182 197
182 198
183 186
183 194
183 199
184 189
184 195
185 195
185 198
186 187
186 189
187 190
187 192
187 193
188 190
188 193
188 195
188 196
188 198
189 190
189 191
189 194
189 195
190 191
190 196
191 196
191 199
192 194
193 198
193 199
194 198
198 199
