200
0 2
0 4
0 11
0 14
0 15
0 19
0 22
0 26
0 30
0 31
0 32
0 37
0 43
0 46
0 49
0 50
0 52
0 53
0 56
0 61
0 64
0 65
0 77
0 92
0 93
0 95
0 96
0 97
0 100
0 104
0 107
0 110
0 114
0 115
0 127
0 131
0 134
0 135
0 143
0 144
0 150
0 152
0 155
0 158
0 172
0 174
0 184
0 185
0 186
0 191
0 198
1 5
1 7
1 10
1 11
1 12
1 17
1 18
1 21
1 24
1 27
1 28
1 31
1 32
1 41
1 42
1 43
1 49
1 53
1 55
1 58
1 74
1 75
1 76
1 77
1 79
1 90
1 93
1 94
1 97
1 102
1 105
1 106
1 115
1 116
1 118
1 122
1 123
1 129
1 131
1 136
1 143
1 147
1 149
1 159
1 167
1 168
1 170
1 173
1 180
1 183
1 191
1 194
2 12
2 14
2 15
2 20
2 21
2 22
2 32
2 43
2 46
2 48
2 50
2 52
2 53
2 55
2 64
2 72
2 73
2 80
2 91
2 97
2 100
2 101
2 104
2 106
2 114
2 118
2 120
2 131
2 132
2 135
2 139
2 140
2 155
2 156
2 159
2 165
2 167
2 176
2 179
2 180
2 189
2 191
2 192
2 195
2 196
2 197
2 199
3 9
3 11
3 17
3 23
3 25
3 28
3 29
3 34
3 36
3 38
3 39
3 40
3 42
3 45
3 58
3 67
3 72
3 74
3 78
3 79
3 80
3 84
3 90
3 96
3 97
3 111
3 112
3 115
3 123
3 129
3 130
3 132
3 136
3 140
3 142
3 144
3 145
3 156
3 157
3 161
3 163
3 171
3 173
3 178
3 182
3 186
3 196
3 197
4 7
4 9
4 12
4 20
4 21
4 29
4 34
4 35
4 39
4 42
4 46
4 51
4 53
4 64
4 72
4 74
4 76
4 77
4 81
4 83
4 84
4 85
4 88
4 98
4 106
4 107
4 108
4 114
4 119
4 123
4 124
4 129
4 136
4 138
4 139
4 140
4 162
4 166
4 170
4 178
4 183
4 184
4 185
4 190
4 192
4 195
4 196
4 197
5 8
5 9
5 10
5 16
5 17
5 32
5 36
5 38
5 41
5 60
5 63
5 72
5 73
5 75
5 84
5 88
5 90
5 93
5 94
5 100
5 102
5 108
5 111
5 112
5 114
5 115
5 121
5 122
5 123
5 142
5 143
5 146
5 151
5 153
5 156
5 160
5 161
5 162
5 167
5 171
5 177
5 185
5 190
5 196
5 198
6 9
6 10
6 12
6 13
6 15
6 26
6 31
6 32
6 39
6 40
6 41
6 46
6 47
6 48
6 49
6 59
6 65
6 68
6 73
6 78
6 80
6 83
6 85
6 89
6 90
6 93
6 96
6 100
6 101
6 103
6 104
6 112
6 114
6 116
6 118
6 130
6 138
6 143
6 144
6 147
6 158
6 164
6 167
6 175
6 183
6 190
6 191
6 195
7 11
7 16
7 18
7 25
7 28
7 35
7 44
7 45
7 47
7 57
7 58
7 59
7 68
7 72
7 73
7 74
7 77
7 79
7 81
7 84
7 87
7 88
7 91
7 96
7 98
7 104
7 106
7 109
7 115
7 118
7 124
7 125
7 126
7 132
7 133
7 135
7 140
7 141
7 142
7 143
7 149
7 150
7 157
7 160
7 163
7 164
7 167
7 169
7 171
7 176
7 187
7 188
7 189
7 195
7 196
7 197
8 13
8 24
8 27
8 28
8 30
8 37
8 40
8 43
8 44
8 45
8 59
8 60
8 63
8 69
8 70
8 72
8 74
8 75
8 79
8 81
8 84
8 88
8 95
8 97
8 99
8 103
8 121
8 124
8 125
8 141
8 145
8 162
8 164
8 172
8 175
8 179
8 180
8 183
8 185
8 190
8 191
8 194
8 196
9 12
9 13
9 14
9 32
9 33
9 34
9 38
9 42
9 49
9 52
9 54
9 56
9 63
9 64
9 72
9 82
9 83
9 84
9 87
9 88
9 89
9 99
9 100
9 102
9 106
9 114
9 117
9 121
9 123
9 130
9 133
9 135
9 141
9 143
9 146
9 151
9 155
9 159
9 160
9 161
9 168
9 170
9 180
9 183
9 186
9 195
9 199
10 11
10 15
10 20
10 29
10 30
10 31
10 50
10 53
10 55
10 59
10 65
10 66
10 74
10 77
10 86
10 91
10 96
10 97
10 100
10 103
10 106
10 108
10 109
10 113
10 115
10 121
10 124
10 129
10 131
10 134
10 137
10 147
10 148
10 151
10 174
10 175
10 177
10 182
10 185
10 188
10 197
10 199
11 15
11 19
11 22
11 23
11 26
11 32
11 36
11 37
11 41
11 47
11 50
11 51
11 58
11 61
11 62
11 63
11 66
11 71
11 84
11 87
11 88
11 89
11 96
11 101
11 112
11 119
11 120
11 121
11 124
11 139
11 140
11 141
11 145
11 148
11 150
11 151
11 152
11 154
11 160
11 165
11 167
11 179
11 189
11 191
11 192
11 194
12 14
12 18
12 37
12 38
12 43
12 50
12 54
12 56
12 61
12 69
12 79
12 80
12 81
12 84
12 86
12 87
12 90
12 92
12 95
12 96
12 99
12 100
12 103
12 107
12 116
12 117
12 134
12 140
12 141
12 142
12 146
12 148
12 149
12 150
12 156
12 157
12 167
12 176
12 184
12 186
12 188
12 189
12 195
12 196
13 25
13 26
13 29
13 33
13 36
13 38
13 47
13 54
13 59
13 69
13 71
13 76
13 91
13 92
13 93
13 101
13 108
13 110
13 111
13 112
13 117
13 119
13 120
13 122
13 128
13 129
13 130
13 140
13 143
13 146
13 150
13 152
13 159
13 161
13 162
13 163
13 166
13 169
13 171
13 172
13 185
13 187
13 188
13 194
13 196
14 16
14 17
14 18
14 27
14 28
14 31
14 34
14 47
14 53
14 58
14 59
14 62
14 70
14 72
14 78
14 81
14 82
14 85
14 88
14 95
14 96
14 100
14 104
14 108
14 113
14 119
14 125
14 133
14 136
14 138
14 142
14 146
14 151
14 152
14 153
14 156
14 158
14 161
14 163
14 166
14 168
14 169
14 171
14 179
14 183
14 190
14 191
15 27
15 33
15 38
15 47
15 51
15 53
15 56
15 58
15 70
15 74
15 83
15 88
15 90
15 91
15 93
15 101
15 104
15 105
15 108
15 109
15 116
15 119
15 125
15 126
15 133
15 136
15 142
15 143
15 144
15 147
15 150
15 152
15 157
15 163
15 171
15 172
15 175
15 176
15 177
15 180
15 184
15 185
15 187
15 188
15 189
15 191
15 193
15 194
15 196
15 198
16 19
16 22
16 23
16 35
16 40
16 45
16 46
16 54
16 66
16 68
16 70
16 71
16 72
16 81
16 82
16 84
16 85
16 96
16 100
16 101
16 105
16 111
16 112
16 115
16 116
16 117
16 120
16 124
16 125
16 127
16 132
16 135
16 137
16 141
16 143
16 151
16 154
16 158
16 163
16 172
16 177
16 181
16 183
16 192
16 198
17 26
17 27
17 28
17 29
17 30
17 31
17 34
17 36
17 42
17 46
17 48
17 50
17 52
17 55
17 61
17 77
17 83
17 84
17 85
17 86
17 90
17 94
17 95
17 97
17 98
17 104
17 110
17 112
17 115
17 117
17 118
17 120
17 126
17 128
17 129
17 138
17 140
17 141
17 144
17 147
17 154
17 156
17 158
17 162
17 167
17 168
17 182
17 183
17 188
17 192
17 193
17 194
17 196
17 198
18 21
18 26
18 32
18 33
18 35
18 41
18 45
18 53
18 55
18 56
18 62
18 68
18 70
18 95
18 117
18 118
18 120
18 122
18 125
18 133
18 136
18 137
18 142
18 144
18 150
18 152
18 159
18 165
18 167
18 170
18 171
18 174
18 179
18 181
18 189
18 190
18 191
18 194
18 195
18 197
18 199
19 22
19 23
19 26
19 29
19 30
19 33
19 40
19 47
19 49
19 51
19 52
19 55
19 58
19 60
19 61
19 62
19 69
19 74
19 81
19 85
19 86
19 88
19 91
19 98
19 107
19 113
19 121
19 125
19 126
19 131
19 142
19 148
19 151
19 153
19 154
19 158
19 161
19 163
19 171
19 174
19 181
19 188
19 189
19 190
20 21
20 23
20 24
20 36
20 38
20 41
20 43
20 48
20 52
20 58
20 62
20 64
20 72
20 76
20 82
20 84
20 89
20 90
20 98
20 101
20 102
20 105
20 108
20 110
20 115
20 119
20 120
20 125
20 128
20 130
20 133
20 137
20 138
20 139
20 140
20 141
20 142
20 144
20 145
20 150
20 153
20 155
20 160
20 161
20 175
20 181
20 182
20 190
20 197
20 199
21 28
21 33
21 35
21 36
21 37
21 41
21 46
21 56
21 72
21 78
21 80
21 82
21 83
21 89
21 94
21 97
21 98
21 100
21 104
21 105
21 108
21 119
21 126
21 130
21 134
21 135
21 138
21 143
21 148
21 149
21 151
21 152
21 154
21 156
21 162
21 165
21 171
21 172
21 175
21 183
21 185
21 186
21 192
22 23
22 31
22 36
22 44
22 45
22 46
22 52
22 54
22 55
22 58
22 59
22 70
22 79
22 80
22 84
22 93
22 99
22 105
22 115
22 118
22 120
22 124
22 128
22 130
22 131
22 137
22 143
22 148
22 150
22 151
22 162
22 165
22 179
22 186
22 188
22 191
22 194
22 195
22 196
22 199
23 25
23 27
23 29
23 30
23 31
23 32
23 38
23 40
23 52
23 60
23 61
23 62
23 64
23 68
23 70
23 76
23 89
23 91
23 97
23 102
23 103
23 104
23 115
23 122
23 131
23 136
23 138
23 149
23 150
23 155
23 158
23 170
23 171
23 172
23 176
23 183
23 185
23 187
23 189
23 193
24 25
24 32
24 34
24 41
24 42
24 44
24 56
24 64
24 71
24 76
24 77
24 80
24 82
24 94
24 102
24 107
24 110
24 111
24 115
24 117
24 120
24 121
24 123
24 127
24 128
24 132
24 143
24 144
24 155
24 161
24 167
24 169
24 171
24 183
24 190
25 27
25 28
25 33
25 38
25 42
25 53
25 58
25 69
25 74
25 76
25 78
25 80
25 81
25 84
25 92
25 94
25 96
25 107
25 109
25 112
25 120
25 122
25 126
25 127
25 138
25 139
25 142
25 149
25 152
25 162
25 164
25 170
25 172
25 176
25 180
25 190
26 27
26 31
26 33
26 34
26 40
26 42
26 44
26 64
26 72
26 74
26 76
26 78
26 79
26 91
26 95
26 97
26 102
26 104
26 107
26 110
26 112
26 114
26 126
26 129
26 130
26 137
26 142
26 143
26 147
26 149
26 158
26 163
26 173
26 179
26 180
26 182
26 183
26 184
26 195
27 32
27 37
27 46
27 63
27 70
27 77
27 78
27 84
27 85
27 88
27 89
27 94
27 103
27 105
27 106
27 109
27 114
27 116
27 120
27 123
27 124
27 128
27 130
27 131
27 135
27 144
27 150
27 152
27 153
27 154
27 158
27 159
27 160
27 162
27 163
27 164
27 175
27 184
27 187
27 193
27 195
27 197
28 29
28 31
28 35
28 38
28 43
28 46
28 47
28 56
28 72
28 73
28 82
28 88
28 89
28 93
28 96
28 101
28 103
28 116
28 118
28 122
28 124
28 125
28 127
28 128
28 142
28 143
28 144
28 145
28 147
28 149
28 151
28 153
28 154
28 157
28 165
28 166
28 167
28 168
28 174
28 180
28 182
28 185
28 193
28 194
28 195
28 197
29 34
29 36
29 38
29 44
29 50
29 53
29 56
29 57
29 69
29 70
29 72
29 73
29 76
29 78
29 86
29 92
29 102
29 104
29 105
29 128
29 129
29 137
29 138
29 142
29 144
29 145
29 146
29 148
29 150
29 152
29 153
29 155
29 157
29 160
29 163
29 164
29 166
29 167
29 175
29 177
29 180
29 181
29 182
29 183
29 190
29 194
29 195
30 33
30 34
30 38
30 41
30 42
30 43
30 44
30 57
30 63
30 66
30 69
30 71
30 78
30 79
30 82
30 84
30 86
30 93
30 95
30 102
30 105
30 108
30 109
30 128
30 129
30 133
30 138
30 140
30 144
30 149
30 159
30 168
30 172
30 178
30 179
30 181
30 187
30 190
30 192
30 194
30 198
31 34
31 36
31 38
31 41
31 43
31 47
31 48
31 53
31 57
31 61
31 65
31 70
31 78
31 80
31 87
31 88
31 90
31 92
31 100
31 102
31 109
31 110
31 119
31 120
31 132
31 138
31 144
31 146
31 148
31 156
31 160
31 161
31 163
31 165
31 186
31 187
31 192
31 194
31 198
32 34
32 41
32 47
32 55
32 58
32 60
32 62
32 66
32 70
32 78
32 84
32 98
32 102
32 104
32 109
32 111
32 114
32 125
32 126
32 127
32 135
32 137
32 144
32 151
32 153
32 154
32 156
32 164
32 171
32 172
32 173
32 178
32 179
32 180
32 182
32 187
32 192
32 194
32 196
33 34
33 36
33 38
33 41
33 42
33 48
33 56
33 58
33 66
33 68
33 71
33 72
33 73
33 75
33 78
33 81
33 90
33 91
33 92
33 94
33 96
33 104
33 105
33 112
33 114
33 115
33 116
33 122
33 126
33 128
33 129
33 139
33 140
33 141
33 143
33 147
33 158
33 159
33 162
33 163
33 164
33 165
33 167
33 170
33 174
33 180
33 184
33 190
33 198
34 37
34 38
34 43
34 44
34 51
34 52
34 53
34 56
34 57
34 61
34 62
34 63
34 82
34 84
34 87
34 91
34 92
34 93
34 94
34 101
34 105
34 107
34 109
34 111
34 116
34 118
34 120
34 124
34 125
34 130
34 133
34 134
34 139
34 140
34 142
34 144
34 145
34 147
34 153
34 161
34 162
34 164
34 166
34 169
34 172
34 174
34 176
34 182
34 185
34 186
34 190
34 192
34 193
34 196
35 40
35 46
35 50
35 61
35 66
35 71
35 73
35 79
35 81
35 88
35 89
35 104
35 114
35 115
35 118
35 122
35 129
35 130
35 135
35 140
35 143
35 147
35 148
35 154
35 155
35 157
35 158
35 168
35 169
35 171
35 173
35 176
35 183
35 186
35 195
35 197
36 37
36 38
36 39
36 45
36 50
36 51
36 52
36 54
36 56
36 61
36 64
36 69
36 73
36 75
36 86
36 92
36 93
36 95
36 101
36 109
36 112
36 113
36 114
36 119
36 123
36 124
36 127
36 128
36 130
36 132
36 133
36 136
36 144
36 145
36 147
36 154
36 159
36 162
36 165
36 168
36 172
36 176
36 185
37 38
37 42
37 45
37 63
37 65
37 72
37 73
37 75
37 79
37 80
37 81
37 85
37 86
37 87
37 91
37 96
37 109
37 110
37 112
37 114
37 116
37 118
37 120
37 123
37 130
37 134
37 148
37 152
37 154
37 161
37 165
37 168
37 170
37 171
37 172
37 173
37 179
37 181
37 185
37 188
37 190
37 195
37 196
37 198
38 39
38 45
38 48
38 55
38 61
38 65
38 66
38 67
38 68
38 72
38 76
38 79
38 87
38 92
38 93
38 94
38 106
38 107
38 112
38 114
38 119
38 123
38 126
38 128
38 131
38 132
38 134
38 137
38 141
38 148
38 151
38 152
38 171
38 172
38 175
38 176
38 177
38 185
38 186
38 189
38 191
38 199
39 43
39 45
39 48
39 52
39 53
39 54
39 63
39 68
39 70
39 77
39 78
39 81
39 84
39 87
39 90
39 91
39 105
39 107
39 111
39 113
39 114
39 135
39 136
39 137
39 140
39 141
39 145
39 151
39 160
39 163
39 165
39 167
39 172
39 177
39 179
39 180
40 48
40 50
40 51
40 52
40 60
40 61
40 74
40 78
40 79
40 82
40 85
40 87
40 92
40 101
40 103
40 108
40 112
40 114
40 115
40 116
40 124
40 140
40 142
40 149
40 151
40 152
40 153
40 158
40 159
40 163
40 168
40 169
40 173
40 177
40 189
40 192
40 193
40 196
40 197
41 42
41 46
41 51
41 52
41 55
41 63
41 72
41 75
41 78
41 84
41 87
41 92
41 94
41 96
41 100
41 102
41 107
41 108
41 109
41 110
41 113
41 114
41 115
41 117
41 122
41 129
41 136
41 141
41 142
41 145
41 146
41 150
41 152
41 157
41 161
41 162
41 170
41 171
41 173
41 175
41 177
41 185
41 189
41 191
42 43
42 47
42 50
42 54
42 57
42 60
42 63
42 64
42 67
42 69
42 70
42 76
42 79
42 84
42 85
42 88
42 91
42 98
42 103
42 108
42 109
42 113
42 119
42 131
42 132
42 133
42 136
42 137
42 140
42 150
42 159
42 163
42 169
42 170
42 171
42 176
42 178
42 183
42 184
42 185
42 191
42 192
42 194
42 199
43 44
43 51
43 60
43 62
43 70
43 71
43 88
43 89
43 91
43 94
43 95
43 104
43 105
43 106
43 110
43 115
43 117
43 118
43 119
43 120
43 124
43 127
43 128
43 133
43 134
43 135
43 141
43 151
43 154
43 162
43 170
43 173
43 176
43 184
43 188
43 193
43 194
43 199
44 48
44 53
44 59
44 60
44 62
44 71
44 75
44 77
44 80
44 93
44 94
44 95
44 98
44 101
44 102
44 111
44 112
44 116
44 118
44 120
44 121
44 140
44 143
44 147
44 149
44 151
44 152
44 155
44 158
44 161
44 164
44 173
44 175
44 181
44 184
44 188
44 192
44 197
44 198
44 199
45 49
45 52
45 57
45 63
45 69
45 71
45 75
45 80
45 81
45 83
45 88
45 93
45 95
45 99
45 102
45 107
45 109
45 111
45 118
45 124
45 128
45 137
45 140
45 142
45 146
45 156
45 158
45 160
45 161
45 163
45 170
45 172
45 174
45 184
45 186
45 191
45 192
45 197
46 55
46 58
46 60
46 71
46 72
46 73
46 74
46 76
46 77
46 83
46 87
46 92
46 93
46 95
46 96
46 98
46 99
46 104
46 108
46 113
46 120
46 126
46 127
46 137
46 139
46 146
46 151
46 158
46 165
46 167
46 168
46 177
46 180
46 182
46 183
46 185
46 190
46 195
46 199
47 50
47 56
47 57
47 63
47 65
47 70
47 71
47 73
47 78
47 82
47 84
47 87
47 91
47 96
47 98
47 99
47 107
47 109
47 112
47 117
47 123
47 129
47 135
47 139
47 151
47 152
47 156
47 164
47 165
47 168
47 169
47 172
47 175
47 185
47 186
47 197
48 56
48 60
48 62
48 68
48 69
48 73
48 75
48 78
48 82
48 83
48 89
48 93
48 94
48 101
48 102
48 107
48 114
48 115
48 119
48 123
48 124
48 132
48 134
48 136
48 137
48 141
48 142
48 147
48 155
48 158
48 170
48 171
48 172
48 178
48 183
48 186
48 190
48 192
48 194
48 196
49 50
49 53
49 54
49 56
49 60
49 65
49 75
49 76
49 89
49 91
49 95
49 99
49 102
49 105
49 106
49 107
49 111
49 115
49 120
49 131
49 136
49 140
49 147
49 148
49 149
49 151
49 154
49 155
49 163
49 164
49 174
49 176
49 179
49 189
49 193
49 194
49 196
49 199
50 54
50 64
50 67
50 82
50 90
50 119
50 121
50 133
50 134
50 137
50 141
50 143
50 157
50 161
50 163
50 164
50 165
50 170
50 174
50 176
50 177
50 180
50 181
50 182
50 187
50 195
51 53
51 54
51 58
51 65
51 68
51 69
51 73
51 76
51 81
51 84
51 85
51 89
51 95
51 96
51 98
51 100
51 110
51 118
51 119
51 120
51 126
51 135
51 137
51 138
51 139
51 149
51 150
51 153
51 162
51 167
51 177
51 178
51 180
51 181
51 185
51 187
51 189
51 191
51 192
51 193
51 195
51 199
52 53
52 55
52 57
52 61
52 70
52 75
52 76
52 80
52 82
52 83
52 85
52 86
52 87
52 88
52 91
52 96
52 98
52 102
52 105
52 113
52 114
52 116
52 118
52 121
52 126
52 127
52 130
52 134
52 138
52 145
52 151
52 154
52 162
52 171
52 176
52 182
52 199
53 57
53 60
53 66
53 71
53 78
53 81
53 88
53 99
53 107
53 108
53 111
53 112
53 118
53 125
53 127
53 129
53 134
53 136
53 138
53 141
53 151
53 157
53 170
53 172
53 188
53 189
53 195
53 196
54 57
54 58
54 59
54 60
54 63
54 66
54 69
54 71
54 76
54 78
54 79
54 81
54 94
54 104
54 108
54 109
54 116
54 119
54 120
54 121
54 125
54 133
54 141
54 152
54 157
54 159
54 163
54 164
54 166
54 168
54 171
54 172
54 176
54 181
54 185
54 193
54 194
54 195
54 198
55 58
55 60
55 65
55 67
55 73
55 74
55 75
55 79
55 81
55 89
55 91
55 94
55 95
55 96
55 100
55 101
55 104
55 110
55 112
55 113
55 118
55 123
55 125
55 127
55 128
55 129
55 132
55 142
55 144
55 145
55 149
55 152
55 157
55 161
55 165
55 167
55 174
55 189
55 191
55 196
56 70
56 84
56 85
56 86
56 87
56 88
56 94
56 96
56 100
56 101
56 105
56 109
56 121
56 122
56 129
56 132
56 144
56 148
56 149
56 156
56 158
56 159
56 163
56 164
56 165
56 166
56 170
56 174
56 176
56 177
56 187
56 192
56 195
56 197
56 199
57 63
57 74
57 77
57 87
57 90
57 91
57 100
57 102
57 103
57 104
57 109
57 121
57 123
57 124
57 125
57 135
57 144
57 151
57 152
57 153
57 157
57 158
57 162
57 167
57 169
57 170
57 179
57 180
57 189
57 191
57 192
57 197
58 60
58 62
58 74
58 75
58 80
58 86
58 89
58 94
58 95
58 96
58 100
58 101
58 102
58 108
58 113
58 118
58 120
58 121
58 136
58 148
58 151
58 156
58 157
58 158
58 160
58 173
58 175
58 184
58 188
58 192
58 195
58 196
58 197
59 70
59 73
59 74
59 82
59 85
59 86
59 87
59 88
59 89
59 93
59 94
59 100
59 102
59 110
59 111
59 120
59 123
59 125
59 130
59 137
59 139
59 143
59 149
59 153
59 154
59 157
59 160
59 163
59 165
59 167
59 169
59 180
59 187
59 189
59 193
59 196
59 197
59 199
60 72
60 81
60 88
60 89
60 91
60 93
60 94
60 96
60 98
60 101
60 107
60 111
60 122
60 137
60 147
60 148
60 155
60 156
60 158
60 161
60 164
60 168
60 181
60 182
60 184
60 190
60 194
60 199
61 62
61 63
61 76
61 79
61 82
61 86
61 89
61 90
61 92
61 93
61 103
61 107
61 108
61 110
61 113
61 129
61 131
61 135
61 149
61 151
61 158
61 173
61 175
61 177
61 181
61 192
61 194
61 196
61 197
61 198
62 66
62 68
62 77
62 80
62 85
62 97
62 98
62 103
62 105
62 111
62 125
62 127
62 133
62 136
62 137
62 138
62 143
62 153
62 155
62 162
62 163
62 168
62 177
62 182
62 186
62 192
62 193
62 195
63 67
63 78
63 85
63 92
63 103
63 108
63 109
63 116
63 117
63 122
63 126
63 134
63 141
63 143
63 144
63 153
63 156
63 159
63 164
63 170
63 175
63 178
63 188
63 192
63 193
63 194
64 78
64 79
64 82
64 86
64 94
64 95
64 102
64 104
64 105
64 108
64 115
64 119
64 122
64 126
64 132
64 143
64 147
64 148
64 153
64 155
64 160
64 162
64 166
64 168
64 169
64 179
64 188
64 192
64 193
64 198
65 69
65 74
65 81
65 83
65 84
65 86
65 89
65 91
65 94
65 98
65 109
65 112
65 115
65 116
65 119
65 120
65 121
65 122
65 123
65 124
65 125
65 129
65 130
65 135
65 139
65 140
65 143
65 145
65 146
65 149
65 151
65 159
65 164
65 168
65 170
65 172
65 176
65 178
65 179
65 181
65 186
65 187
65 193
65 196
66 69
66 78
66 85
66 92
66 96
66 100
66 101
66 107
66 108
66 110
66 117
66 120
66 121
66 123
66 125
66 126
66 134
66 135
66 146
66 147
66 148
66 154
66 156
66 158
66 167
66 168
66 170
66 173
66 180
66 182
66 185
66 194
67 69
67 70
67 71
67 73
67 76
67 82
67 85
67 90
67 93
67 94
67 108
67 116
67 125
67 132
67 137
67 139
67 150
67 154
67 159
67 160
67 163
67 175
67 178
67 180
67 186
67 193
67 199
68 70
68 73
68 75
68 82
68 87
68 89
68 91
68 100
68 103
68 113
68 115
68 125
68 132
68 142
68 143
68 155
68 159
68 164
68 173
68 175
68 183
68 186
68 187
68 188
68 191
68 193
68 194
69 75
69 78
69 79
69 81
69 82
69 85
69 93
69 96
69 99
69 105
69 110
69 122
69 129
69 131
69 132
69 136
69 137
69 142
69 144
69 147
69 149
69 156
69 158
69 162
69 168
69 174
69 175
69 180
69 186
69 189
69 193
69 196
70 71
70 72
70 74
70 83
70 89
70 90
70 92
70 94
70 95
70 97
70 100
70 103
70 104
70 106
70 110
70 111
70 117
70 120
70 125
70 126
70 130
70 133
70 135
70 136
70 137
70 140
70 143
70 144
70 145
70 157
70 162
70 166
70 167
70 170
70 171
70 172
70 189
70 196
70 198
71 75
71 76
71 77
71 78
71 80
71 82
71 85
71 86
71 88
71 89
71 94
71 104
71 107
71 108
71 116
71 117
71 119
71 120
71 121
71 128
71 138
71 139
71 147
71 150
71 151
71 154
71 157
71 158
71 161
71 163
71 164
71 165
71 167
71 168
71 170
71 175
71 185
71 186
71 194
72 75
72 79
72 85
72 99
72 103
72 104
72 105
72 108
72 116
72 118
72 124
72 130
72 131
72 133
72 138
72 141
72 143
72 151
72 162
72 167
72 169
72 173
72 180
72 181
72 186
72 189
72 194
72 197
72 198
73 74
73 77
73 84
73 95
73 96
73 97
73 100
73 107
73 110
73 114
73 122
73 126
73 133
73 136
73 139
73 142
73 143
73 145
73 147
73 151
73 153
73 154
73 156
73 157
73 159
73 160
73 161
73 165
73 178
73 181
74 77
74 79
74 80
74 85
74 89
74 97
74 102
74 103
74 105
74 108
74 112
74 116
74 118
74 122
74 124
74 127
74 132
74 140
74 141
74 149
74 151
74 153
74 154
74 156
74 158
74 161
74 162
74 163
74 170
74 176
74 177
74 180
74 181
74 182
74 185
74 186
74 187
74 193
74 194
74 197
74 198
75 76
75 79
75 83
75 86
75 90
75 102
75 108
75 109
75 114
75 116
75 118
75 122
75 125
75 133
75 136
75 139
75 140
75 141
75 149
75 150
75 153
75 156
75 158
75 167
75 169
75 176
75 177
75 179
75 182
75 193
75 195
76 77
76 80
76 81
76 90
76 94
76 96
76 99
76 103
76 105
76 106
76 107
76 114
76 115
76 119
76 123
76 130
76 149
76 152
76 157
76 165
76 167
76 171
76 173
76 175
76 177
76 180
76 189
76 190
76 191
76 195
76 198
77 84
77 85
77 90
77 96
77 113
77 115
77 119
77 123
77 124
77 125
77 130
77 151
77 152
77 155
77 157
77 158
77 159
77 166
77 171
77 172
77 176
77 178
77 181
77 185
77 187
77 197
77 199
78 82
78 85
78 87
78 90
78 91
78 92
78 97
78 100
78 101
78 104
78 105
78 112
78 113
78 118
78 120
78 128
78 129
78 130
78 131
78 132
78 134
78 136
78 140
78 149
78 157
78 171
78 174
78 180
78 190
78 191
79 82
79 94
79 96
79 97
79 101
79 104
79 109
79 111
79 112
79 119
79 123
79 125
79 128
79 140
79 142
79 153
79 162
79 163
79 165
79 166
79 170
79 172
79 175
79 177
79 178
79 182
79 188
79 198
80 83
80 88
80 99
80 100
80 101
80 103
80 111
80 119
80 122
80 126
80 133
80 135
80 141
80 147
80 149
80 159
80 160
80 162
80 164
80 168
80 169
80 171
80 172
80 174
80 179
80 180
80 181
80 182
80 183
80 184
80 186
80 187
81 83
81 88
81 93
81 99
81 102
81 104
81 106
81 107
81 109
81 114
81 119
81 131
81 132
81 135
81 140
81 147
81 148
81 153
81 155
81 164
81 166
81 173
81 179
81 182
81 190
81 192
81 197
82 84
82 96
82 99
82 100
82 103
82 105
82 107
82 108
82 118
82 120
82 123
82 125
82 134
82 136
82 137
82 138
82 139
82 140
82 142
82 146
82 157
82 159
82 161
82 166
82 169
82 175
82 194
82 196
82 199
83 89
83 91
83 94
83 96
83 98
83 102
83 105
83 114
83 118
83 119
83 120
83 123
83 124
83 130
83 131
83 137
83 141
83 143
83 144
83 155
83 159
83 162
83 164
83 169
83 176
83 177
83 180
83 185
83 191
84 88
84 95
84 97
84 106
84 115
84 119
84 121
84 122
84 123
84 124
84 125
84 129
84 134
84 143
84 146
84 150
84 160
84 179
84 181
84 184
84 190
84 191
84 194
85 89
85 93
85 104
85 106
85 111
85 117
85 118
85 128
85 139
85 143
85 146
85 150
85 152
85 154
85 158
85 159
85 160
85 163
85 169
85 170
85 173
85 176
85 181
85 185
85 187
85 192
85 193
85 195
86 89
86 94
86 95
86 99
86 105
86 106
86 107
86 109
86 112
86 113
86 118
86 119
86 123
86 124
86 127
86 140
86 144
86 145
86 146
86 166
86 175
86 179
86 181
86 184
86 197
87 91
87 96
87 98
87 99
87 114
87 118
87 121
87 122
87 129
87 131
87 138
87 139
87 140
87 144
87 148
87 149
87 151
87 152
87 155
87 165
87 166
87 170
87 171
87 180
87 186
87 187
87 188
87 189
87 194
87 196
87 198
88 90
88 94
88 95
88 97
88 99
88 104
88 106
88 117
88 118
88 121
88 123
88 126
88 136
88 142
88 143
88 144
88 149
88 154
88 155
88 157
88 161
88 164
88 165
88 169
88 172
88 174
88 187
88 191
88 192
88 193
89 90
89 92
89 93
89 101
89 117
89 121
89 123
89 124
89 125
89 126
89 127
89 129
89 131
89 135
89 136
89 138
89 140
89 144
89 146
89 149
89 151
89 154
89 155
89 156
89 158
89 167
89 168
89 178
89 179
89 180
89 182
89 184
89 185
89 187
89 188
89 192
89 193
89 195
89 196
90 94
90 102
90 111
90 113
90 114
90 119
90 131
90 145
90 146
90 148
90 164
90 165
90 166
90 173
90 184
90 194
90 197
90 199
91 93
91 96
91 97
91 102
91 103
91 104
91 105
91 107
91 114
91 125
91 126
91 128
91 131
91 135
91 136
91 137
91 140
91 151
91 157
91 158
91 161
91 163
91 168
91 172
91 173
91 176
91 177
91 182
91 193
91 197
91 199
92 93
92 94
92 99
92 102
92 104
92 107
92 109
92 110
92 111
92 112
92 121
92 122
92 124
92 129
92 137
92 139
92 145
92 147
92 150
92 156
92 158
92 165
92 168
92 169
92 176
92 180
92 182
92 189
92 190
92 193
92 196
93 97
93 99
93 100
93 101
93 102
93 107
93 109
93 113
93 118
93 121
93 124
93 127
93 135
93 137
93 141
93 143
93 145
93 146
93 155
93 167
93 168
93 171
93 176
93 183
93 184
93 185
93 188
93 194
93 197
94 97
94 104
94 109
94 114
94 116
94 117
94 119
94 121
94 122
94 124
94 127
94 128
94 130
94 132
94 133
94 135
94 136
94 137
94 138
94 143
94 148
94 156
94 159
94 160
94 162
94 168
94 170
94 179
94 185
94 187
94 188
94 192
94 198
95 97
95 101
95 110
95 114
95 117
95 118
95 121
95 126
95 133
95 134
95 142
95 151
95 153
95 158
95 160
95 163
95 164
95 165
95 171
95 173
95 178
95 179
95 181
95 182
95 191
95 192
95 197
96 97
96 101
96 103
96 116
96 139
96 140
96 146
96 149
96 152
96 156
96 165
96 166
96 167
96 168
96 169
96 172
96 174
96 177
96 194
96 195
97 99
97 100
97 104
97 111
97 113
97 116
97 119
97 123
97 124
97 130
97 132
97 135
97 138
97 139
97 143
97 145
97 151
97 154
97 160
97 167
97 174
97 176
97 178
97 180
97 182
97 184
97 191
97 193
97 194
97 196
98 111
98 114
98 120
98 125
98 131
98 135
98 136
98 138
98 139
98 142
98 153
98 154
98 159
98 163
98 167
98 169
98 171
98 172
98 178
98 183
98 185
98 186
98 189
98 192
98 193
99 107
99 110
99 113
99 117
99 118
99 121
99 123
99 124
99 125
99 133
99 134
99 135
99 138
99 156
99 158
99 169
99 176
99 181
99 188
99 189
99 193
99 194
99 195
99 199
100 101
100 111
100 113
100 116
100 118
100 120
100 121
100 123
100 124
100 126
100 128
100 134
100 146
100 153
100 155
100 159
100 160
100 170
100 174
100 197
101 104
101 111
101 114
101 116
101 119
101 124
101 132
101 142
101 144
101 146
101 150
101 157
101 158
101 159
101 161
101 169
101 170
101 171
101 172
101 174
101 178
101 182
101 183
101 184
101 187
101 188
101 191
101 195
102 109
102 111
102 118
102 123
102 132
102 135
102 136
102 137
102 139
102 141
102 147
102 149
102 151
102 153
102 157
102 158
102 159
102 160
102 165
102 167
102 169
102 174
102 193
102 195
102 198
103 109
103 111
103 116
103 118
103 119
103 128
103 130
103 133
103 141
103 145
103 147
103 150
103 152
103 158
103 162
103 166
103 169
103 175
103 181
103 186
103 187
103 191
103 193
103 198
104 107
104 113
104 114
104 118
104 121
104 122
104 124
104 125
104 128
104 130
104 132
104 135
104 140
104 142
104 147
104 152
104 154
104 159
104 160
104 164
104 165
104 170
104 172
104 179
104 192
105 107
105 110
105 111
105 112
105 116
105 120
105 121
105 128
105 131
105 132
105 140
105 141
105 144
105 145
105 151
105 152
105 153
105 156
105 157
105 165
105 166
105 170
105 171
105 172
105 176
105 177
105 186
105 190
105 193
105 195
106 117
106 124
106 126
106 127
106 131
106 137
106 158
106 161
106 165
106 171
106 175
106 177
106 179
106 185
106 188
106 189
107 113
107 114
107 116
107 118
107 120
107 125
107 127
107 135
107 136
107 140
107 148
107 149
107 154
107 161
107 179
107 183
107 189
108 114
108 120
108 121
108 123
108 132
108 134
108 136
108 138
108 148
108 157
108 163
108 165
108 174
108 180
108 196
109 112
109 113
109 114
109 127
109 128
109 130
109 133
109 137
109 141
109 142
109 148
109 157
109 161
109 169
109 175
109 188
109 191
109 192
109 193
109 196
109 199
110 115
110 118
110 122
110 125
110 128
110 130
110 131
110 133
110 136
110 140
110 158
110 170
110 175
110 176
110 180
110 183
110 189
110 192
110 195
110 196
111 126
111 141
111 145
111 155
111 162
111 169
111 179
111 185
111 190
111 192
112 115
112 119
112 121
112 126
112 127
112 137
112 144
112 145
112 147
112 151
112 154
112 156
112 158
112 168
112 169
112 170
112 171
112 177
112 178
112 190
112 191
112 193
112 197
113 116
113 117
113 120
113 123
113 127
113 128
113 132
113 133
113 134
113 138
113 143
113 144
113 145
113 147
113 148
113 151
113 153
113 154
113 157
113 159
113 163
113 168
113 173
113 175
113 177
113 182
113 184
113 185
113 194
114 115
114 118
114 122
114 124
114 128
114 137
114 145
114 146
114 147
114 168
114 174
114 194
114 196
114 198
115 120
115 121
115 124
115 126
115 131
115 133
115 135
115 136
115 138
115 144
115 148
115 150
115 155
115 156
115 158
115 160
115 161
115 164
115 165
115 171
115 173
115 174
115 176
115 181
115 191
115 192
115 195
116 119
116 122
116 129
116 131
116 134
116 137
116 142
116 149
116 167
116 170
116 179
116 190
116 192
116 197
117 118
117 121
117 123
117 135
117 136
117 138
117 140
117 144
117 150
117 156
117 161
117 162
117 164
117 165
117 168
117 177
117 180
117 182
117 185
117 188
117 193
117 197
117 199
118 119
118 121
118 124
118 126
118 139
118 141
118 149
118 158
118 161
118 166
118 179
118 180
118 181
118 185
118 188
118 195
118 198
119 122
119 132
119 144
119 145
119 151
119 154
119 156
119 163
119 171
119 179
119 185
119 191
119 197
119 199
120 123
120 126
120 131
120 134
120 136
120 137
120 139
120 140
120 149
120 155
120 158
120 159
120 166
120 174
120 182
120 186
120 189
120 190
120 197
121 132
121 136
121 139
121 141
121 142
121 144
121 147
121 148
121 157
121 161
121 167
121 168
121 171
121 174
121 177
121 180
121 181
121 184
122 128
122 132
122 137
122 139
122 142
122 143
122 151
122 152
122 157
122 158
122 161
122 170
122 177
122 180
122 182
122 188
122 189
123 124
123 136
123 138
123 139
123 142
123 143
123 149
123 153
123 157
123 160
123 163
123 173
123 174
123 180
123 181
123 183
123 189
123 197
124 128
124 133
124 144
124 148
124 150
124 151
124 152
124 155
124 158
124 163
124 165
124 169
124 172
124 173
124 177
124 180
124 182
124 188
124 191
124 192
125 128
125 133
125 134
125 135
125 137
125 138
125 140
125 141
125 147
125 154
125 161
125 165
125 166
125 167
125 168
125 174
125 182
125 184
125 185
125 193
125 196
126 131
126 136
126 140
126 141
126 143
126 144
126 146
126 151
126 156
126 160
126 166
126 170
126 175
126 176
126 185
126 186
126 187
126 188
126 191
126 193
126 195
126 198
127 132
127 137
127 138
127 141
127 143
127 149
127 152
127 156
127 157
127 158
127 173
127 175
127 176
127 179
127 183
127 186
127 190
127 192
127 196
127 197
127 199
128 134
128 143
128 146
128 147
128 150
128 151
128 156
128 157
128 158
128 163
128 168
128 182
128 183
128 186
128 187
128 198
129 132
129 143
129 149
129 152
129 158
129 162
129 164
129 167
129 169
129 172
129 175
129 178
129 181
129 183
129 187
129 190
129 193
130 132
130 135
130 136
130 139
130 140
130 142
130 144
130 151
130 152
130 158
130 161
130 164
130 165
130 166
130 174
130 175
130 181
130 183
130 194
130 195
130 198
131 134
131 137
131 139
131 162
131 165
131 168
131 169
131 175
131 181
131 185
131 186
131 187
131 193
131 194
132 137
132 146
132 153
132 155
132 156
132 158
132 163
132 179
132 180
132 189
132 196
133 141
133 150
133 156
133 158
133 161
133 162
133 163
133 166
133 168
133 171
133 172
133 173
133 174
133 175
133 182
133 189
133 190
133 192
134 136
134 139
134 147
134 151
134 157
134 165
134 169
134 172
134 173
134 175
134 176
134 178
134 181
134 182
134 186
134 189
134 195
135 142
135 143
135 146
135 152
135 154
135 156
135 157
135 166
135 167
135 169
135 171
135 176
135 182
135 188
135 193
135 195
135 198
135 199
136 138
136 144
136 146
136 168
136 179
136 184
136 195
136 199
137 141
137 145
137 151
137 152
137 154
137 161
137 162
137 176
137 177
137 185
137 199
138 142
138 147
138 149
138 151
138 156
138 158
138 159
138 165
138 166
138 167
138 175
138 178
138 179
138 183
138 185
138 190
138 191
139 140
139 148
139 157
139 166
139 173
139 176
139 178
139 183
139 185
139 186
139 188
139 191
140 143
140 147
140 151
140 155
140 156
140 158
140 161
140 165
140 166
140 172
140 175
140 178
140 180
140 181
140 189
140 192
140 194
140 195
141 143
141 146
141 147
141 151
141 160
141 167
141 169
141 170
141 174
141 175
141 177
141 178
141 189
141 190
141 191
141 197
142 147
142 150
142 151
142 163
142 164
142 167
142 170
142 171
142 172
142 173
142 176
142 180
142 181
142 189
142 193
142 194
143 144
143 146
143 150
143 154
143 157
143 158
143 161
143 162
143 175
143 177
143 180
143 184
143 185
143 186
143 195
143 196
144 145
144 150
144 155
144 156
144 159
144 161
144 163
144 165
144 166
144 170
144 172
144 176
144 177
144 179
144 181
144 183
144 185
144 187
145 146
145 150
145 154
145 155
145 156
145 160
145 178
145 181
145 184
145 187
145 192
145 194
145 197
146 149
146 150
146 151
146 155
146 158
146 160
146 169
146 173
146 181
146 189
146 191
146 195
146 196
146 198
147 152
147 156
147 165
147 168
147 177
147 198
147 199
148 149
148 151
148 153
148 155
148 161
148 162
148 165
148 168
148 183
148 184
148 190
148 191
148 192
148 197
149 155
149 156
149 160
149 168
149 169
149 175
149 176
149 187
149 190
149 196
149 197
149 198
150 151
150 157
150 160
150 166
150 169
150 170
150 174
150 175
150 178
150 179
150 180
150 181
150 185
151 152
151 156
151 158
151 160
151 161
151 163
151 164
151 165
151 168
151 170
151 176
151 178
151 188
151 189
151 195
151 197
152 153
152 159
152 160
152 163
152 165
152 166
152 170
152 171
152 180
152 181
152 183
152 185
152 187
152 193
152 196
153 157
153 161
153 166
153 169
153 171
153 183
153 186
153 188
153 196
154 156
154 159
154 160
154 161
154 162
154 164
154 173
154 174
154 175
154 184
154 185
154 186
154 187
154 188
154 189
154 190
154 191
154 197
154 198
155 159
155 160
155 162
155 169
155 175
155 176
155 179
155 185
155 189
155 190
155 197
156 159
156 160
156 161
156 162
156 164
156 173
156 174
156 175
156 182
156 186
156 189
156 192
156 193
156 195
156 198
156 199
157 164
157 166
157 170
157 183
157 190
157 191
157 195
157 196
157 197
158 160
158 161
158 163
158 166
158 171
158 173
158 177
158 179
158 185
158 189
158 193
158 194
158 195
158 197
159 161
159 165
159 174
159 180
159 181
159 185
159 186
159 187
159 190
159 193
159 194
159 197
160 161
160 166
160 168
160 170
160 175
160 180
160 185
160 186
160 187
160 188
160 190
160 192
160 196
161 163
161 167
161 178
161 179
161 183
161 192
162 164
162 170
162 172
162 173
162 174
162 175
162 176
162 177
162 179
162 181
162 183
162 185
162 188
162 196
163 168
163 169
163 172
163 174
163 179
163 181
163 182
163 184
163 186
163 190
163 191
163 194
163 196
164 165
164 169
164 171
164 182
164 185
164 189
164 195
164 197
165 166
165 168
165 170
165 172
165 173
165 176
165 178
165 183
165 189
165 190
165 191
165 192
165 196
165 199
166 171
166 172
166 175
166 177
166 185
166 190
166 198
167 171
167 177
167 184
167 186
167 188
167 189
167 190
167 192
167 193
167 195
167 196
167 198
168 169
168 176
168 178
168 179
168 180
168 182
168 183
168 184
168 189
168 193
169 175
169 176
169 183
169 185
169 193
169 195
169 196
170 171
170 172
170 175
170 180
170 182
170 183
170 189
170 193
170 194
170 196
170 199
171 177
171 179
171 183
171 186
171 193
171 196
172 174
172 179
172 185
172 194
172 195
172 196
172 197
172 198
173 177
173 178
173 179
173 184
173 191
173 195
173 196
174 175
174 178
174 189
175 177
175 180
175 196
175 197
175 198
176 177
176 179
176 181
176 184
176 187
176 188
176 192
176 194
176 195
177 181
177 192
177 195
178 179
178 181
178 183
178 187
178 188
178 193
178 195
178 196
178 198
178 199
179 181
179 184
179 186
179 195
180 186
180 190
180 191
180 192
180 195
181 188
181 192
181 196
182 184
182 188
182 195
183 187
183 192
183 193
184 189
184 190
184 194
185 187
185 193
185 195
186 189
186 190
186 193
186 194
186 195
187 198
188 191
188 195
189 190
189 194
189 197
189 198
189 199
190 193
190 194
190 196
190 199
191 195
192 193
193 195
193 197
193 198
194 196
195 198
196 199
198 199
