200
0 3
0 8
0 9
0 10
0 20
0 21
0 24
0 34
0 36
0 59
0 61
0 65
0 68
0 71
0 77
0 79
0 80
0 84
0 86
0 93
0 102
0 104
0 114
0 117
0 122
0 130
0 132
0 134
0 143
0 152
0 155
0 156
0 158
0 160
0 161
0 164
0 165
0 168
0 170
0 172
0 173
0 177
0 178
0 179
0 186
0 199
1 12
1 16
1 30
1 32
1 35
1 36
1 38
1 45
1 50
1 52
1 55
1 56
1 61
1 68
1 71
1 77
1 82
1 89
1 90
1 95
1 98
1 99
1 100
1 101
1 104
1 112
1 116
1 120
1 123
1 132
1 140
1 145
1 149
1 150
1 151
1 152
1 164
1 170
1 172
1 173
1 175
1 176
1 179
1 181
1 182
1 183
1 188
1 191
1 192
1 198
2 13
2 24
2 33
2 34
2 40
2 43
2 46
2 50
2 53
2 57
2 58
2 61
2 69
2 71
2 72
2 74
2 81
2 83
2 98
2 99
2 106
2 110
2 116
2 118
2 119
2 123
2 129
2 135
2 144
2 145
2 147
2 152
2 156
2 158
2 159
2 164
2 165
2 167
2 179
2 187
2 188
2 194
2 197
3 4
3 8
3 14
3 17
3 18
3 22
3 23
3 30
3 35
3 36
3 38
3 39
3 40
3 47
3 48
3 54
3 59
3 65
3 75
3 76
3 80
3 82
3 85
3 87
3 88
3 92
3 94
3 97
3 100
3 106
3 114
3 119
3 123
3 124
3 125
3 130
3 137
3 138
3 147
3 149
3 150
3 154
3 157
3 158
3 166
3 169
3 172
3 175
3 177
3 179
3 185
3 188
3 193
3 194
4 8
4 9
4 11
4 14
4 15
4 18
4 20
4 26
4 28
4 29
4 33
4 36
4 39
4 42
4 44
4 45
4 47
4 64
4 77
4 82
4 87
4 89
4 91
4 93
4 95
4 99
4 100
4 108
4 118
4 120
4 121
4 125
4 127
4 141
4 142
4 145
4 148
4 151
4 154
4 158
4 167
4 178
4 183
4 184
4 186
4 188
4 191
4 196
4 197
5 10
5 11
5 15
5 17
5 22
5 23
5 24
5 25
5 27
5 34
5 39
5 41
5 42
5 45
5 54
5 55
5 57
5 62
5 65
5 66
5 72
5 87
5 88
5 92
5 93
5 94
5 95
5 98
5 100
5 101
5 107
5 114
5 122
5 127
5 130
5 142
5 143
5 145
5 148
5 150
5 151
5 158
5 161
5 168
5 172
5 175
5 184
5 188
5 191
5 192
5 194
5 198
6 10
6 13
6 17
6 23
6 29
6 39
6 49
6 55
6 61
6 67
6 70
6 73
6 75
6 76
6 77
6 81
6 83
6 90
6 91
6 93
6 94
6 97
6 100
6 105
6 106
6 108
6 117
6 118
6 124
6 125
6 126
6 129
6 136
6 138
6 144
6 145
6 147
6 153
6 155
6 156
6 166
6 169
6 170
6 171
6 172
6 173
6 174
6 175
6 176
6 177
6 178
6 183
6 184
6 188
6 192
6 195
6 197
6 198
7 10
7 18
7 20
7 22
7 28
7 29
7 32
7 35
7 45
7 47
7 49
7 51
7 57
7 58
7 62
7 67
7 70
7 72
7 77
7 80
7 84
7 93
7 94
7 97
7 102
7 104
7 107
7 108
7 112
7 127
7 133
7 137
7 139
7 142
7 143
7 147
7 159
7 160
7 164
7 175
7 181
7 182
7 193
7 194
7 199
8 13
8 14
8 19
8 24
8 27
8 31
8 33
8 37
8 39
8 40
8 43
8 47
8 50
8 53
8 54
8 56
8 59
8 60
8 63
8 67
8 74
8 75
8 76
8 80
8 83
8 91
8 94
8 96
8 99
8 103
8 106
8 107
8 110
8 117
8 129
8 132
8 138
8 143
8 162
8 163
8 166
8 173
8 180
8 183
8 185
8 187
9 11
9 17
9 29
9 32
9 36
9 37
9 39
9 61
9 62
9 63
9 64
9 66
9 68
9 69
9 75
9 77
9 83
9 88
9 96
9 97
9 98
9 101
9 102
9 104
9 105
9 112
9 126
9 128
9 131
9 135
9 142
9 145
9 146
9 156
9 157
9 163
9 168
9 170
9 176
9 179
9 181
9 184
9 186
9 189
10 12
10 16
10 22
10 23
10 24
10 27
10 34
10 37
10 42
10 43
10 44
10 54
10 57
10 62
10 63
10 65
10 68
10 69
10 76
10 84
10 90
10 91
10 92
10 93
10 99
10 102
10 106
10 107
10 111
10 114
10 115
10 116
10 120
10 121
10 127
10 128
10 130
10 136
10 142
10 147
10 148
10 149
10 151
10 158
10 160
10 163
10 165
10 171
10 173
10 178
10 179
10 182
10 184
10 188
10 189
10 192
10 193
10 194
11 13
11 20
11 24
11 32
11 33
11 37
11 40
11 46
11 48
11 54
11 56
11 59
11 61
11 64
11 69
11 73
11 75
11 76
11 84
11 92
11 94
11 98
11 105
11 106
11 110
11 112
11 113
11 119
11 120
11 127
11 129
11 139
11 145
11 152
11 153
11 159
11 168
11 172
11 174
11 180
11 181
11 182
11 187
11 196
11 198
12 14
12 15
12 16
12 23
12 24
12 32
12 33
12 35
12 37
12 45
12 54
12 60
12 63
12 65
12 66
12 68
12 76
12 80
12 81
12 83
12 84
12 96
12 101
12 103
12 110
12 112
12 116
12 117
12 118
12 119
12 121
12 133
12 135
12 139
12 140
12 143
12 150
12 151
12 155
12 160
12 165
12 166
12 168
12 174
12 193
12 194
13 18
13 21
13 24
13 35
13 36
13 38
13 44
13 54
13 57
13 63
13 67
13 68
13 70
13 72
13 73
13 82
13 83
13 94
13 96
13 98
13 100
13 102
13 105
13 108
13 109
13 113
13 114
13 121
13 123
13 129
13 134
13 135
13 138
13 139
13 141
13 143
13 154
13 155
13 159
13 166
13 168
13 175
13 181
13 196
13 197
14 15
14 16
14 18
14 24
14 27
14 36
14 44
14 45
14 47
14 52
14 54
14 55
14 59
14 62
14 64
14 65
14 69
14 70
14 71
14 72
14 82
14 85
14 88
14 90
14 93
14 94
14 108
14 109
14 111
14 114
14 119
14 120
14 124
14 128
14 130
14 133
14 141
14 150
14 153
14 154
14 171
14 175
14 176
14 181
14 183
14 192
14 198
14 199
15 17
15 20
15 25
15 29
15 30
15 32
15 34
15 38
15 44
15 46
15 56
15 64
15 65
15 66
15 75
15 78
15 79
15 80
15 83
15 85
15 86
15 87
15 95
15 104
15 105
15 109
15 111
15 112
15 118
15 120
15 121
15 130
15 133
15 136
15 147
15 158
15 161
15 165
15 171
15 172
15 174
15 181
15 183
15 190
15 194
15 195
16 17
16 19
16 26
16 27
16 28
16 30
16 34
16 46
16 48
16 52
16 53
16 59
16 60
16 67
16 80
16 82
16 85
16 86
16 89
16 93
16 95
16 100
16 103
16 111
16 118
16 121
16 122
16 127
16 128
16 136
16 141
16 143
16 146
16 147
16 150
16 156
16 158
16 160
16 161
16 163
16 169
16 170
16 172
16 175
16 177
16 179
16 181
16 182
16 186
16 187
16 190
16 191
16 192
16 198
17 18
17 21
17 28
17 31
17 40
17 45
17 50
17 54
17 70
17 74
17 87
17 89
17 91
17 93
17 96
17 98
17 113
17 114
17 123
17 128
17 142
17 151
17 152
17 155
17 161
17 163
17 164
17 178
17 183
17 187
17 189
17 198
18 25
18 28
18 30
18 31
18 34
18 37
18 44
18 46
18 47
18 53
18 59
18 62
18 64
18 73
18 86
18 89
18 91
18 92
18 93
18 97
18 107
18 114
18 122
18 129
18 130
18 133
18 135
18 143
18 145
18 150
18 151
18 153
18 154
18 158
18 170
18 173
18 182
18 192
18 198
19 21
19 35
19 41
19 46
19 54
19 62
19 64
19 66
19 69
19 75
19 76
19 90
19 104
19 110
19 111
19 112
19 119
19 121
19 123
19 136
19 143
19 145
19 148
19 151
19 158
19 160
19 167
19 170
19 172
19 174
19 175
19 185
19 189
19 198
20 21
20 22
20 31
20 32
20 33
20 34
20 37
20 39
20 43
20 51
20 57
20 60
20 62
20 68
20 70
20 75
20 77
20 80
20 81
20 85
20 91
20 92
20 106
20 116
20 124
20 128
20 130
20 131
20 134
20 138
20 139
20 142
20 150
20 156
20 157
20 160
20 161
20 164
20 166
20 168
20 169
20 170
20 173
20 177
20 179
20 186
20 189
20 191
20 194
20 196
21 22
21 23
21 27
21 31
21 34
21 37
21 41
21 42
21 44
21 57
21 58
21 60
21 63
21 73
21 75
21 79
21 82
21 83
21 86
21 87
21 88
21 91
21 93
21 95
21 96
21 99
21 104
21 111
21 116
21 117
21 121
21 122
21 124
21 128
21 138
21 143
21 151
21 163
21 164
21 168
21 174
21 178
21 182
21 183
21 187
21 190
21 194
22 26
22 27
22 34
22 37
22 39
22 44
22 45
22 49
22 50
22 55
22 56
22 59
22 60
22 75
22 76
22 78
22 79
22 80
22 83
22 86
22 90
22 92
22 95
22 97
22 103
22 108
22 109
22 118
22 121
22 122
22 126
22 133
22 150
22 154
22 158
22 159
22 163
22 166
22 177
22 189
22 193
22 196
22 198
23 24
23 26
23 31
23 35
23 37
23 38
23 39
23 51
23 59
23 64
23 66
23 70
23 71
23 76
23 84
23 90
23 93
23 96
23 98
23 99
23 104
23 105
23 109
23 112
23 117
23 133
23 135
23 136
23 142
23 150
23 151
23 152
23 153
23 155
23 157
23 162
23 164
23 165
23 166
23 168
23 171
23 174
23 179
23 190
23 195
23 199
24 26
24 31
24 32
24 34
24 35
24 41
24 46
24 57
24 61
24 65
24 66
24 68
24 69
24 77
24 78
24 79
24 87
24 94
24 102
24 103
24 109
24 112
24 119
24 122
24 123
24 133
24 149
24 154
24 163
24 166
24 168
24 170
24 171
24 173
24 177
24 180
24 181
24 185
24 186
24 187
24 190
25 26
25 27
25 54
25 59
25 60
25 63
25 68
25 73
25 86
25 95
25 102
25 104
25 109
25 111
25 112
25 116
25 129
25 133
25 136
25 138
25 143
25 144
25 145
25 146
25 148
25 159
25 161
25 163
25 164
25 169
25 180
25 192
25 195
26 27
26 35
26 45
26 56
26 59
26 60
26 62
26 63
26 77
26 82
26 86
26 91
26 99
26 100
26 106
26 110
26 111
26 117
26 120
26 122
26 132
26 136
26 139
26 144
26 147
26 151
26 154
26 156
26 157
26 163
26 165
26 166
26 168
26 171
26 172
26 175
26 179
26 184
26 185
26 186
26 193
26 194
26 198
26 199
27 28
27 32
27 36
27 40
27 42
27 50
27 52
27 53
27 57
27 59
27 66
27 68
27 71
27 77
27 81
27 85
27 97
27 98
27 101
27 104
27 105
27 106
27 109
27 112
27 114
27 119
27 122
27 127
27 129
27 131
27 136
27 137
27 139
27 143
27 146
27 148
27 150
27 153
27 161
27 166
27 169
27 170
27 175
27 186
27 187
27 190
27 199
28 30
28 40
28 46
28 52
28 54
28 58
28 60
28 62
28 63
28 66
28 71
28 78
28 84
28 87
28 89
28 92
28 96
28 98
28 101
28 104
28 106
28 113
28 115
28 117
28 121
28 124
28 128
28 131
28 136
28 138
28 140
28 147
28 149
28 162
28 164
28 165
28 166
28 167
28 174
28 175
28 179
28 184
28 187
28 192
28 199
29 32
29 33
29 38
29 41
29 47
29 49
29 51
29 52
29 53
29 66
29 68
29 69
29 72
29 74
29 78
29 81
29 92
29 98
29 102
29 109
29 124
29 147
29 148
29 149
29 152
29 161
29 165
29 167
29 168
29 179
29 182
29 184
29 188
29 190
29 193
29 194
29 196
29 198
29 199
30 31
30 36
30 37
30 40
30 44
30 47
30 52
30 54
30 57
30 70
30 90
30 92
30 95
30 96
30 97
30 100
30 103
30 104
30 108
30 112
30 117
30 120
30 121
30 125
30 126
30 130
30 134
30 136
30 139
30 142
30 146
30 150
30 155
30 159
30 160
30 162
30 165
30 169
30 171
30 172
30 173
30 180
30 183
30 187
30 193
30 197
31 32
31 35
31 43
31 48
31 51
31 52
31 65
31 70
31 82
31 89
31 90
31 91
31 93
31 94
31 96
31 97
31 98
31 103
31 104
31 109
31 113
31 117
31 120
31 130
31 132
31 133
31 134
31 139
31 144
31 151
31 160
31 164
31 168
31 174
31 175
31 179
31 182
31 183
31 184
31 189
31 190
32 33
32 36
32 37
32 39
32 48
32 51
32 52
32 56
32 63
32 65
32 69
32 70
32 77
32 85
32 86
32 89
32 92
32 94
32 97
32 100
32 103
32 104
32 109
32 110
32 111
32 124
32 127
32 130
32 131
32 132
32 139
32 140
32 142
32 143
32 149
32 152
32 157
32 158
32 159
32 163
32 164
32 165
32 167
32 171
32 172
32 173
32 181
32 186
32 188
32 194
32 195
32 197
32 198
33 38
33 43
33 44
33 49
33 50
33 57
33 58
33 59
33 60
33 63
33 67
33 68
33 72
33 74
33 79
33 80
33 89
33 94
33 95
33 99
33 101
33 102
33 104
33 106
33 107
33 110
33 118
33 122
33 127
33 129
33 132
33 142
33 143
33 145
33 146
33 148
33 149
33 150
33 151
33 152
33 157
33 164
33 169
33 184
33 189
33 191
33 196
33 199
34 46
34 55
34 59
34 64
34 66
34 68
34 69
34 76
34 77
34 78
34 84
34 86
34 89
34 93
34 99
34 101
34 106
34 109
34 112
34 113
34 120
34 122
34 125
34 126
34 131
34 133
34 134
34 135
34 143
34 147
34 152
34 154
34 155
34 159
34 160
34 165
34 167
34 168
34 173
34 178
34 181
34 189
34 191
34 194
35 38
35 44
35 45
35 46
35 48
35 57
35 61
35 63
35 71
35 73
35 76
35 78
35 79
35 84
35 85
35 86
35 87
35 94
35 98
35 102
35 107
35 109
35 114
35 116
35 119
35 122
35 123
35 125
35 126
35 129
35 130
35 141
35 147
35 149
35 158
35 159
35 162
35 164
35 165
35 166
35 168
35 169
35 173
35 174
35 176
35 182
35 184
35 198
36 40
36 45
36 50
36 62
36 67
36 68
36 71
36 79
36 80
36 81
36 83
36 91
36 107
36 112
36 116
36 118
36 119
36 120
36 122
36 130
36 137
36 138
36 139
36 140
36 142
36 143
36 146
36 149
36 163
36 164
36 168
36 169
36 171
36 175
36 176
36 180
36 181
36 190
36 198
37 50
37 57
37 66
37 77
37 82
37 88
37 93
37 96
37 97
37 99
37 102
37 108
37 109
37 118
37 119
37 124
37 127
37 136
37 138
37 140
37 141
37 144
37 150
37 151
37 152
37 160
37 161
37 162
37 173
37 180
37 181
37 182
37 184
37 187
38 40
38 42
38 49
38 61
38 67
38 78
38 81
38 82
38 85
38 88
38 90
38 93
38 98
38 99
38 105
38 106
38 107
38 108
38 112
38 113
38 118
38 126
38 137
38 141
38 144
38 145
38 149
38 151
38 152
38 153
38 157
38 161
38 163
38 165
38 167
38 170
38 171
38 176
38 178
38 181
38 182
38 185
38 191
38 192
38 193
38 198
39 40
39 46
39 49
39 52
39 56
39 57
39 59
39 61
39 65
39 67
39 75
39 77
39 80
39 86
39 93
39 95
39 107
39 116
39 117
39 119
39 125
39 127
39 132
39 140
39 141
39 142
39 146
39 147
39 149
39 153
39 157
39 158
39 160
39 170
39 180
39 182
39 186
39 195
39 196
39 197
39 198
40 43
40 44
40 49
40 58
40 59
40 60
40 65
40 66
40 69
40 71
40 73
40 74
40 75
40 85
40 98
40 105
40 107
40 114
40 115
40 117
40 125
40 129
40 133
40 134
40 140
40 150
40 157
40 170
40 176
40 178
40 182
40 183
40 186
40 187
40 188
40 189
41 43
41 47
41 51
41 54
41 62
41 65
41 69
41 73
41 76
41 80
41 92
41 103
41 104
41 108
41 109
41 111
41 113
41 116
41 118
41 132
41 142
41 144
41 151
41 152
41 158
41 160
41 167
41 174
41 175
41 177
41 181
41 183
41 184
41 187
41 192
41 195
42 44
42 47
42 49
42 52
42 55
42 56
42 58
42 61
42 64
42 65
42 70
42 72
42 78
42 83
42 88
42 93
42 112
42 120
42 121
42 126
42 129
42 131
42 136
42 138
42 142
42 147
42 155
42 157
42 159
42 162
42 168
42 171
42 173
42 174
42 182
42 192
42 195
42 197
42 199
43 51
43 52
43 60
43 65
43 67
43 78
43 79
43 81
43 84
43 85
43 89
43 92
43 95
43 96
43 97
43 101
43 104
43 106
43 119
43 132
43 139
43 142
43 146
43 151
43 152
43 162
43 165
43 167
43 169
43 170
43 178
43 182
43 186
43 189
43 192
43 199
44 51
44 53
44 56
44 62
44 69
44 76
44 80
44 82
44 86
44 89
44 95
44 99
44 101
44 103
44 105
44 106
44 111
44 115
44 117
44 119
44 121
44 125
44 132
44 139
44 143
44 144
44 154
44 155
44 157
44 159
44 162
44 164
44 166
44 168
44 172
44 174
44 176
44 177
44 179
44 194
44 197
45 49
45 50
45 51
45 61
45 70
45 73
45 74
45 77
45 82
45 84
45 85
45 88
45 96
45 100
45 105
45 114
45 116
45 118
45 119
45 124
45 127
45 132
45 133
45 137
45 140
45 145
45 146
45 148
45 166
45 167
45 171
45 172
45 182
45 184
45 185
45 195
45 197
46 51
46 53
46 55
46 67
46 70
46 77
46 78
46 80
46 81
46 85
46 91
46 98
46 100
46 101
46 103
46 105
46 107
46 111
46 113
46 116
46 118
46 124
46 128
46 129
46 131
46 132
46 136
46 139
46 141
46 143
46 147
46 148
46 151
46 155
46 157
46 158
46 159
46 162
46 178
46 185
46 194
47 50
47 53
47 58
47 65
47 74
47 78
47 81
47 82
47 83
47 90
47 104
47 111
47 115
47 118
47 121
47 122
47 125
47 130
47 145
47 147
47 167
47 168
47 175
47 176
47 178
47 183
47 186
47 188
47 190
47 191
47 192
47 194
47 196
48 51
48 54
48 57
48 71
48 73
48 74
48 75
48 78
48 84
48 91
48 94
48 98
48 109
48 120
48 122
48 131
48 133
48 136
48 138
48 142
48 151
48 154
48 159
48 162
48 165
48 175
48 182
48 183
48 192
48 194
48 196
48 197
49 67
49 70
49 74
49 78
49 79
49 92
49 99
49 101
49 112
49 115
49 117
49 135
49 146
49 154
49 156
49 160
49 164
49 165
49 166
49 167
49 174
49 180
49 182
49 184
49 189
49 190
49 191
49 194
49 197
49 199
50 53
50 57
50 59
50 64
50 65
50 68
50 71
50 77
50 78
50 79
50 81
50 83
50 86
50 87
50 96
50 98
50 103
50 108
50 116
50 117
50 119
50 122
50 134
50 140
50 147
50 149
50 152
50 154
50 158
50 164
50 169
50 180
50 183
50 187
50 189
50 195
51 63
51 64
51 66
51 71
51 79
51 82
51 88
51 91
51 92
51 103
51 108
51 116
51 117
51 123
51 124
51 131
51 134
51 137
51 144
51 151
51 155
51 161
51 163
51 164
51 172
51 177
51 182
51 187
51 193
51 197
51 198
52 56
52 62
52 65
52 71
52 75
52 77
52 79
52 80
52 81
52 87
52 88
52 100
52 104
52 108
52 110
52 117
52 121
52 127
52 133
52 134
52 137
52 140
52 148
52 153
52 155
52 158
52 162
52 168
52 173
52 180
52 181
52 188
52 191
52 192
52 193
52 196
52 198
53 54
53 56
53 58
53 63
53 65
53 66
53 72
53 73
53 75
53 77
53 80
53 82
53 84
53 86
53 92
53 93
53 97
53 98
53 109
53 112
53 113
53 116
53 118
53 122
53 126
53 137
53 138
53 144
53 152
53 158
53 161
53 162
53 167
53 171
53 172
53 175
53 194
53 197
54 56
54 58
54 65
54 67
54 68
54 78
54 91
54 102
54 106
54 107
54 108
54 111
54 113
54 114
54 115
54 117
54 118
54 120
54 122
54 129
54 130
54 136
54 139
54 140
54 141
54 144
54 146
54 150
54 153
54 156
54 157
54 159
54 160
54 163
54 164
54 168
54 170
54 173
54 174
54 176
54 179
54 181
54 182
54 184
54 188
54 192
54 196
55 62
55 66
55 69
55 72
55 76
55 77
55 78
55 80
55 83
55 85
55 86
55 91
55 95
55 100
55 105
55 106
55 112
55 116
55 117
55 123
55 129
55 130
55 134
55 139
55 142
55 145
55 148
55 151
55 160
55 166
55 167
55 177
55 178
55 179
55 180
56 61
56 62
56 66
56 74
56 82
56 92
56 101
56 107
56 112
56 114
56 119
56 126
56 128
56 130
56 132
56 136
56 141
56 149
56 151
56 152
56 156
56 158
56 162
56 167
56 168
56 174
56 178
56 181
56 187
56 188
56 195
57 67
57 69
57 72
57 73
57 76
57 79
57 83
57 88
57 94
57 99
57 104
57 109
57 114
57 141
57 147
57 148
57 150
57 151
57 154
57 168
57 169
57 172
57 178
57 180
57 181
57 188
57 195
57 198
58 63
58 64
58 66
58 68
58 71
58 78
58 84
58 87
58 88
58 89
58 90
58 94
58 99
58 108
58 109
58 119
58 122
58 124
58 125
58 126
58 127
58 130
58 139
58 142
58 143
58 144
58 145
58 148
58 154
58 159
58 162
58 164
58 167
58 171
58 180
58 183
58 184
58 186
58 188
58 195
59 65
59 72
59 74
59 75
59 76
59 78
59 79
59 83
59 84
59 86
59 90
59 95
59 97
59 104
59 114
59 116
59 125
59 127
59 128
59 129
59 133
59 134
59 135
59 141
59 143
59 145
59 159
59 161
59 162
59 165
59 167
59 180
59 186
59 189
59 197
59 198
60 70
60 78
60 82
60 83
60 92
60 96
60 98
60 100
60 102
60 104
60 111
60 113
60 116
60 117
60 122
60 133
60 138
60 151
60 155
60 159
60 166
60 176
60 185
60 186
60 187
60 190
60 192
60 198
60 199
61 80
61 83
61 88
61 98
61 102
61 108
61 110
61 112
61 117
61 119
61 123
61 125
61 129
61 133
61 141
61 142
61 145
61 154
61 156
61 158
61 159
61 161
61 166
61 171
61 173
61 174
61 185
61 187
61 190
62 65
62 68
62 69
62 70
62 73
62 75
62 77
62 80
62 81
62 82
62 94
62 101
62 106
62 107
62 120
62 126
62 131
62 133
62 135
62 137
62 143
62 145
62 148
62 150
62 156
62 157
62 162
62 163
62 168
62 170
62 173
62 179
62 180
62 189
62 191
63 70
63 75
63 83
63 87
63 88
63 89
63 92
63 94
63 101
63 105
63 109
63 110
63 115
63 116
63 122
63 125
63 135
63 138
63 141
63 144
63 148
63 150
63 155
63 156
63 159
63 165
63 172
63 173
63 174
63 180
63 183
63 184
63 188
63 190
63 194
63 199
64 70
64 71
64 73
64 78
64 82
64 87
64 92
64 97
64 99
64 101
64 110
64 119
64 122
64 126
64 133
64 135
64 138
64 139
64 144
64 149
64 154
64 159
64 170
64 171
64 173
64 174
64 178
64 179
64 187
64 197
65 67
65 79
65 85
65 87
65 88
65 96
65 102
65 109
65 110
65 116
65 117
65 119
65 122
65 124
65 127
65 132
65 137
65 141
65 156
65 167
65 176
65 188
65 191
65 194
65 198
66 68
66 69
66 71
66 72
66 73
66 82
66 83
66 85
66 87
66 92
66 105
66 115
66 116
66 122
66 125
66 133
66 135
66 140
66 146
66 150
66 151
66 159
66 161
66 162
66 163
66 165
66 167
66 168
66 181
66 183
66 186
66 188
66 190
66 194
66 197
67 75
67 76
67 82
67 89
67 98
67 104
67 108
67 112
67 113
67 122
67 132
67 133
67 135
67 146
67 157
67 163
67 164
67 165
67 169
67 178
67 184
67 185
67 190
67 192
67 197
67 199
68 73
68 84
68 85
68 86
68 89
68 98
68 99
68 100
68 104
68 111
68 113
68 116
68 119
68 122
68 123
68 125
68 130
68 134
68 138
68 139
68 147
68 149
68 152
68 153
68 154
68 165
68 170
68 175
68 177
68 179
68 183
68 184
68 187
68 193
68 198
68 199
69 73
69 76
69 87
69 93
69 94
69 100
69 102
69 109
69 110
69 128
69 129
69 136
69 140
69 141
69 147
69 150
69 161
69 162
69 165
69 171
69 180
69 183
69 184
69 187
69 191
69 194
69 196
70 71
70 73
70 88
70 95
70 101
70 102
70 107
70 108
70 110
70 111
70 112
70 113
70 117
70 119
70 121
70 122
70 124
70 125
70 127
70 141
70 155
70 157
70 160
70 167
70 169
70 172
70 173
70 174
70 186
70 188
70 191
71 75
71 79
71 85
71 90
71 99
71 100
71 105
71 106
71 110
71 112
71 116
71 117
71 123
71 127
71 129
71 138
71 141
71 147
71 149
71 150
71 156
71 157
71 165
71 170
71 171
71 177
71 179
71 182
71 184
71 188
71 190
71 192
71 196
71 198
71 199
72 74
72 79
72 80
72 83
72 84
72 89
72 91
72 96
72 99
72 107
72 114
72 119
72 121
72 131
72 134
72 140
72 145
72 150
72 159
72 162
72 164
72 171
72 172
72 173
72 185
72 192
72 196
73 79
73 82
73 90
73 93
73 103
73 105
73 108
73 110
73 112
73 113
73 116
73 118
73 119
73 122
73 123
73 128
73 129
73 141
73 148
73 154
73 157
73 158
73 169
73 175
73 179
73 188
73 189
73 190
73 193
74 76
74 77
74 81
74 85
74 90
74 91
74 93
74 95
74 98
74 109
74 111
74 112
74 123
74 127
74 129
74 131
74 136
74 146
74 147
74 155
74 160
74 167
74 170
74 174
74 187
74 190
74 192
74 195
74 199
75 77
75 84
75 86
75 87
75 91
75 99
75 100
75 101
75 104
75 105
75 106
75 111
75 112
75 113
75 118
75 120
75 121
75 128
75 129
75 132
75 137
75 138
75 154
75 160
75 161
75 162
75 167
75 171
75 173
75 174
75 179
75 183
75 198
75 199
76 77
76 84
76 92
76 99
76 101
76 104
76 105
76 110
76 117
76 122
76 134
76 136
76 144
76 153
76 157
76 161
76 162
76 163
76 171
76 177
76 178
76 179
76 180
76 183
76 188
76 196
77 78
77 80
77 83
77 87
77 89
77 93
77 98
77 101
77 104
77 114
77 117
77 119
77 121
77 122
77 125
77 135
77 146
77 150
77 155
77 161
77 163
77 166
77 169
77 170
77 175
77 176
77 180
77 182
77 189
77 190
77 193
77 194
77 195
77 196
77 199
78 88
78 90
78 91
78 92
78 94
78 95
78 104
78 106
78 112
78 113
78 114
78 117
78 126
78 134
78 136
78 141
78 145
78 155
78 159
78 160
78 163
78 164
78 165
78 167
78 169
78 170
78 171
78 172
78 173
78 174
78 177
78 183
78 185
78 189
78 190
78 192
78 196
78 199
79 82
79 87
79 92
79 101
79 105
79 107
79 110
79 115
79 116
79 118
79 119
79 122
79 124
79 132
79 141
79 142
79 147
79 157
79 170
79 172
79 175
79 177
79 183
79 185
79 192
80 82
80 84
80 91
80 92
80 94
80 98
80 102
80 103
80 112
80 114
80 121
80 122
80 125
80 127
80 130
80 133
80 134
80 136
80 138
80 144
80 147
80 149
80 150
80 151
80 152
80 155
80 157
80 163
80 166
80 172
80 174
80 176
80 177
80 179
80 182
80 183
80 184
80 188
80 192
80 195
80 196
80 198
80 199
81 82
81 87
81 96
81 105
81 106
81 114
81 117
81 119
81 120
81 128
81 131
81 146
81 155
81 156
81 164
81 169
81 172
81 173
81 174
81 184
81 187
81 188
81 193
81 199
82 92
82 98
82 101
82 109
82 113
82 121
82 122
82 123
82 128
82 133
82 134
82 135
82 136
82 137
82 144
82 145
82 149
82 160
82 163
82 166
82 167
82 169
82 172
82 174
82 176
82 182
82 185
82 192
82 196
83 85
83 93
83 98
83 107
83 111
83 112
83 114
83 116
83 142
83 147
83 148
83 151
83 153
83 155
83 161
83 173
83 174
83 184
83 185
83 187
83 189
83 190
83 193
83 195
83 198
83 199
84 85
84 87
84 89
84 92
84 93
84 98
84 101
84 103
84 110
84 117
84 118
84 119
84 124
84 127
84 128
84 129
84 133
84 135
84 141
84 142
84 147
84 154
84 155
84 156
84 161
84 164
84 167
84 172
84 180
84 183
84 188
84 199
85 86
85 93
85 94
85 99
85 103
85 109
85 113
85 123
85 124
85 133
85 136
85 137
85 140
85 141
85 142
85 143
85 146
85 147
85 148
85 150
85 157
85 161
85 162
85 164
85 165
85 167
85 169
85 176
85 181
85 183
85 184
85 186
85 191
85 193
85 195
85 199
86 95
86 102
86 107
86 110
86 111
86 116
86 123
86 129
86 147
86 150
86 151
86 157
86 158
86 160
86 161
86 162
86 164
86 167
86 169
86 170
86 172
86 174
86 176
86 177
86 178
86 179
86 184
86 185
86 186
86 190
86 191
86 197
86 198
87 88
87 91
87 92
87 95
87 102
87 104
87 106
87 108
87 121
87 128
87 131
87 133
87 137
87 138
87 140
87 141
87 144
87 147
87 150
87 154
87 155
87 158
87 173
87 174
87 181
87 182
87 184
87 187
88 95
88 102
88 104
88 107
88 117
88 119
88 125
88 126
88 127
88 128
88 129
88 132
88 134
88 136
88 138
88 143
88 151
88 158
88 159
88 163
88 167
88 173
88 179
88 183
88 184
88 189
88 192
89 90
89 92
89 93
89 96
89 99
89 100
89 101
89 113
89 114
89 126
89 133
89 135
89 137
89 142
89 143
89 144
89 150
89 151
89 154
89 164
89 173
89 174
89 176
89 178
89 189
89 196
89 197
90 94
90 97
90 98
90 100
90 101
90 106
90 108
90 113
90 117
90 121
90 122
90 133
90 136
90 138
90 142
90 145
90 146
90 149
90 150
90 154
90 171
90 173
90 174
90 186
90 190
90 192
90 196
90 197
91 93
91 95
91 97
91 105
91 106
91 108
91 111
91 112
91 113
91 117
91 119
91 123
91 131
91 132
91 133
91 137
91 139
91 143
91 149
91 157
91 169
91 172
91 173
91 177
91 180
91 182
91 186
91 187
91 192
91 196
92 100
92 105
92 107
92 110
92 111
92 115
92 116
92 118
92 124
92 126
92 134
92 144
92 150
92 154
92 159
92 168
92 169
92 173
92 174
92 175
92 190
92 195
93 95
93 98
93 100
93 102
93 108
93 110
93 111
93 113
93 118
93 121
93 124
93 128
93 129
93 132
93 141
93 148
93 155
93 156
93 163
93 167
93 168
93 171
93 174
93 175
93 178
93 185
93 188
93 196
94 95
94 97
94 98
94 120
94 123
94 131
94 132
94 135
94 136
94 139
94 143
94 144
94 145
94 146
94 149
94 150
94 152
94 154
94 161
94 162
94 168
94 170
94 172
94 176
94 180
94 183
94 187
94 192
94 195
94 196
95 97
95 102
95 107
95 109
95 111
95 113
95 116
95 119
95 121
95 132
95 133
95 135
95 137
95 144
95 145
95 148
95 153
95 155
95 156
95 163
95 171
95 172
95 174
95 176
95 190
95 191
95 193
95 199
96 101
96 102
96 103
96 105
96 108
96 113
96 118
96 119
96 123
96 124
96 128
96 130
96 132
96 140
96 146
96 149
96 151
96 154
96 157
96 159
96 163
96 165
96 171
96 175
96 188
96 195
97 114
97 115
97 117
97 118
97 122
97 124
97 130
97 134
97 135
97 138
97 149
97 150
97 153
97 156
97 157
97 159
97 163
97 166
97 170
97 172
97 180
97 182
97 185
97 187
97 189
97 190
97 191
98 100
98 121
98 122
98 126
98 127
98 130
98 131
98 134
98 137
98 142
98 144
98 149
98 151
98 155
98 160
98 161
98 163
98 164
98 166
98 167
98 168
98 173
98 178
98 182
98 183
98 190
98 194
98 198
99 103
99 112
99 117
99 125
99 127
99 129
99 130
99 133
99 136
99 146
99 147
99 150
99 152
99 154
99 155
99 163
99 175
99 177
99 181
99 187
99 188
99 190
99 191
99 192
99 196
99 199
100 105
100 108
100 109
100 110
100 111
100 112
100 114
100 115
100 117
100 119
100 125
100 127
100 130
100 141
100 142
100 146
100 153
100 160
100 161
100 162
100 165
100 166
100 175
100 178
100 186
100 189
100 191
100 192
101 108
101 110
101 115
101 117
101 121
101 122
101 124
101 128
101 129
101 136
101 141
101 142
101 148
101 152
101 156
101 159
101 162
101 172
101 186
101 187
101 188
101 191
101 192
101 195
101 199
102 103
102 107
102 110
102 112
102 114
102 115
102 118
102 125
102 126
102 128
102 132
102 134
102 136
102 138
102 147
102 148
102 160
102 162
102 164
102 165
102 176
102 178
102 182
102 189
102 194
102 195
102 199
103 104
103 113
103 118
103 124
103 132
103 143
103 146
103 149
103 150
103 151
103 154
103 155
103 157
103 170
103 177
103 178
103 182
103 190
103 191
103 193
103 194
103 195
103 198
103 199
104 105
104 106
104 109
104 113
104 114
104 117
104 130
104 135
104 137
104 142
104 144
104 154
104 155
104 156
104 159
104 162
104 170
104 172
104 173
104 177
104 178
104 180
104 183
104 184
104 186
104 191
105 106
105 114
105 123
105 129
105 138
105 139
105 143
105 146
105 147
105 148
105 153
105 166
105 171
105 173
105 174
105 176
105 182
105 187
105 188
105 191
105 196
105 198
105 199
106 107
106 108
106 109
106 112
106 116
106 117
106 127
106 136
106 140
106 141
106 144
106 151
106 152
106 154
106 160
106 166
106 170
106 171
106 189
106 197
107 109
107 112
107 113
107 123
107 126
107 127
107 129
107 132
107 134
107 135
107 136
107 139
107 140
107 142
107 143
107 144
107 152
107 164
107 173
107 187
107 191
107 194
108 110
108 113
108 114
108 117
108 121
108 122
108 128
108 134
108 135
108 136
108 138
108 139
108 154
108 162
108 163
108 164
108 168
108 182
108 183
108 191
108 192
108 193
109 115
109 120
109 122
109 123
109 125
109 126
109 130
109 140
109 142
109 144
109 146
109 148
109 151
109 154
109 155
109 158
109 160
109 170
109 174
109 177
109 178
109 195
109 197
110 112
110 113
110 119
110 121
110 124
110 126
110 127
110 133
110 142
110 147
110 148
110 155
110 158
110 169
110 176
110 179
110 180
110 184
110 189
110 199
111 118
111 119
111 123
111 126
111 130
111 137
111 142
111 143
111 147
111 153
111 160
111 163
111 182
111 183
111 187
111 188
111 193
111 196
111 198
112 113
112 119
112 122
112 127
112 129
112 133
112 134
112 135
112 137
112 146
112 148
112 152
112 153
112 155
112 158
112 161
112 162
112 166
112 167
112 169
112 171
112 173
112 174
112 178
112 182
112 185
112 191
112 198
113 114
113 117
113 119
113 124
113 126
113 129
113 133
113 139
113 143
113 145
113 150
113 158
113 168
113 172
113 181
113 184
113 189
113 192
113 195
113 197
113 199
114 115
114 116
114 120
114 129
114 133
114 135
114 138
114 143
114 151
114 155
114 157
114 158
114 159
114 168
114 170
114 171
114 173
114 175
114 176
114 178
114 180
114 182
114 193
114 194
115 116
115 118
115 130
115 134
115 148
115 149
115 156
115 161
115 166
115 168
115 175
115 176
115 180
115 182
115 183
115 187
115 193
115 194
116 124
116 138
116 144
116 145
116 148
116 161
116 179
116 193
116 195
117 119
117 120
117 122
117 124
117 127
117 129
117 130
117 132
117 136
117 140
117 142
117 149
117 151
117 155
117 156
117 160
117 161
117 165
117 166
117 174
117 178
117 179
117 183
117 184
117 187
117 189
117 191
117 192
118 119
118 120
118 127
118 128
118 130
118 134
118 137
118 144
118 154
118 158
118 160
118 166
118 167
118 168
118 171
118 177
118 178
118 181
118 191
118 192
119 124
119 127
119 128
119 131
119 136
119 137
119 141
119 153
119 163
119 164
119 165
119 170
119 172
119 173
119 175
119 178
119 179
119 194
119 196
119 199
120 121
120 124
120 128
120 129
120 130
120 139
120 145
120 147
120 150
120 152
120 153
120 155
120 159
120 164
120 171
120 173
120 178
120 186
120 188
120 191
120 193
120 199
121 124
121 134
121 137
121 138
121 142
121 144
121 146
121 149
121 150
121 151
121 158
121 163
121 166
121 171
121 174
121 181
121 187
121 197
121 199
122 126
122 129
122 132
122 135
122 137
122 142
122 151
122 152
122 153
122 154
122 162
122 165
122 173
122 177
122 183
122 185
122 187
122 190
122 194
122 198
123 124
123 127
123 129
123 134
123 135
123 140
123 143
123 149
123 155
123 158
123 160
123 161
123 162
123 168
123 170
123 172
123 174
123 175
123 180
123 186
123 187
123 188
123 193
124 126
124 127
124 129
124 132
124 141
124 142
124 150
124 152
124 156
124 160
124 161
124 163
124 164
124 166
124 169
124 173
124 175
124 177
124 180
124 181
124 182
124 190
124 193
124 194
124 195
125 132
125 136
125 145
125 146
125 154
125 158
125 159
125 162
125 165
125 171
125 176
125 181
125 185
125 189
125 190
125 193
125 198
125 199
126 131
126 134
126 138
126 139
126 142
126 143
126 147
126 148
126 149
126 151
126 152
126 155
126 158
126 165
126 169
126 173
126 174
126 192
126 198
127 128
127 136
127 141
127 143
127 146
127 151
127 154
127 158
127 159
127 160
127 168
127 172
127 173
127 184
127 189
127 192
127 193
127 199
128 134
128 136
128 138
128 152
128 155
128 157
128 162
128 172
128 175
128 179
128 187
128 192
128 196
128 199
129 131
129 133
129 134
129 137
129 141
129 147
129 151
129 152
129 155
129 160
129 165
129 168
129 171
129 175
129 187
129 188
129 190
129 193
129 194
129 195
129 198
130 138
130 141
130 143
130 153
130 154
130 157
130 159
130 163
130 165
130 167
130 169
130 180
130 181
130 191
130 193
130 194
130 195
131 132
131 136
131 137
131 143
131 146
131 166
131 167
131 179
131 193
131 199
132 135
132 136
132 138
132 139
132 140
132 144
132 145
132 152
132 160
132 165
132 169
132 176
132 180
132 182
132 199
133 135
133 139
133 143
133 144
133 152
133 153
133 155
133 167
133 171
133 172
133 180
133 181
133 187
133 190
133 191
133 193
134 135
134 140
134 149
134 151
134 159
134 160
134 164
134 166
134 172
134 191
134 192
135 140
135 142
135 150
135 151
135 153
135 156
135 160
135 165
135 168
135 172
135 177
135 178
135 180
135 183
135 186
135 189
135 191
136 139
136 143
136 145
136 156
136 158
136 161
136 166
136 168
136 172
136 181
136 186
136 189
136 191
136 195
137 141
137 142
137 144
137 164
137 167
137 176
137 179
137 197
137 199
138 142
138 146
138 148
138 152
138 156
138 157
138 162
138 164
138 165
138 167
138 170
138 173
138 177
138 181
138 186
138 187
138 191
138 193
139 144
139 155
139 158
139 164
139 168
139 171
139 172
139 174
139 176
139 181
139 186
139 190
139 195
139 196
140 145
140 152
140 160
140 161
140 162
140 163
140 167
140 168
140 173
140 174
140 179
140 188
140 189
140 191
140 197
140 199
141 142
141 144
141 145
141 146
141 160
141 163
141 173
141 176
141 180
141 181
141 185
141 188
141 190
141 191
141 194
141 199
142 146
142 147
142 150
142 151
142 154
142 164
142 166
142 168
142 175
142 180
142 190
142 199
143 144
143 147
143 149
143 153
143 167
143 174
143 176
143 177
143 180
143 181
143 183
143 191
143 193
143 195
144 146
144 149
144 159
144 163
144 164
144 168
144 169
144 178
144 181
144 183
144 184
144 185
144 187
144 191
144 194
144 199
145 156
145 157
145 158
145 159
145 160
145 161
145 163
145 164
145 165
145 166
145 175
145 179
145 183
145 188
145 191
145 194
146 148
146 149
146 152
146 162
146 168
146 170
146 171
146 172
146 175
146 182
146 183
146 186
146 188
146 189
146 191
146 195
147 156
147 157
147 164
147 166
147 168
147 171
147 173
147 176
147 179
147 196
148 149
148 159
148 160
148 161
148 166
148 171
148 176
148 177
148 178
148 184
148 185
148 189
148 192
148 199
149 156
149 157
149 158
149 173
149 179
149 181
149 188
149 193
149 194
149 197
149 199
150 151
150 163
150 164
150 171
150 174
150 178
150 179
150 181
150 187
150 188
150 190
150 192
150 194
150 196
150 197
150 198
151 161
151 162
151 164
151 176
151 179
151 183
151 185
151 187
151 190
152 154
152 167
152 171
152 173
152 176
152 181
152 187
152 195
153 161
153 162
153 167
153 170
153 172
153 174
153 175
153 178
153 182
153 186
153 190
153 191
153 193
153 197
153 198
154 156
154 159
154 162
154 165
154 167
154 170
154 172
154 176
154 185
154 191
154 195
155 165
155 168
155 169
155 185
155 186
155 193
155 195
155 197
155 199
156 162
156 163
156 169
156 171
156 173
156 176
156 177
156 179
156 180
156 183
156 184
156 185
156 194
156 196
157 159
157 163
157 173
157 194
157 196
157 197
158 160
158 167
158 169
158 170
158 174
158 176
158 178
158 187
158 189
158 190
159 166
159 171
159 172
159 178
159 179
159 183
159 186
159 188
159 192
159 194
159 199
160 167
160 169
160 172
160 178
160 179
160 181
160 182
160 183
160 189
160 191
160 192
160 199
161 163
161 164
161 165
161 176
161 177
161 185
161 189
161 191
162 163
162 168
162 179
162 180
162 188
162 193
162 199
163 168
163 170
163 172
163 177
163 179
163 180
163 183
163 197
164 167
164 171
164 177
164 178
164 184
164 185
164 186
164 188
164 195
164 197
164 199
165 173
165 186
165 187
165 188
165 191
165 194
165 195
165 198
166 167
166 173
166 175
166 183
166 187
166 189
166 191
166 193
166 197
167 172
167 177
167 186
167 196
167 197
168 171
168 173
168 174
168 179
168 180
168 188
168 189
168 191
168 192
168 198
169 176
169 179
169 180
169 182
169 185
169 186
169 192
169 195
170 175
170 179
170 180
170 187
170 190
170 192
170 193
170 196
170 198
171 178
171 180
171 182
171 187
171 189
171 198
172 175
172 176
172 180
172 182
172 192
172 199
173 174
173 180
173 186
173 187
173 194
174 177
174 179
174 184
174 185
174 190
174 191
174 192
174 197
175 177
175 178
175 182
175 183
175 185
175 190
175 191
175 193
175 194
176 179
176 180
176 184
176 185
176 188
176 191
176 195
177 179
177 181
177 182
177 185
177 190
178 185
178 191
178 198
179 184
179 188
179 191
179 194
179 196
180 182
180 184
180 185
180 193
181 186
181 192
181 195
181 196
181 197
182 185
182 188
182 194
182 199
183 190
183 193
183 194
183 199
184 189
184 191
184 197
184 199
185 191
185 193
185 198
186 189
186 193
186 198
187 193
188 192
188 194
189 192
189 197
189 198
190 196
190 199
191 193
191 194
191 198
191 199
192 195
193 196
193 199
194 196
194 197
196 198
197 199
198 199
