200
0 1
0 3
0 13
0 20
0 24
0 25
0 26
0 28
0 29
0 35
0 41
0 42
0 45
0 50
0 65
0 67
0 70
0 71
0 74
0 77
0 82
0 87
0 90
0 96
0 97
0 110
0 120
0 127
0 132
0 137
0 146
0 153
0 157
0 162
0 167
0 169
0 181
0 184
0 191
0 194
1 9
1 11
1 12
1 13
1 16
1 30
1 32
1 35
1 37
1 42
1 48
1 52
1 54
1 57
1 70
1 73
1 89
1 91
1 99
1 103
1 106
1 107
1 108
1 110
1 111
1 129
1 131
1 136
1 137
1 139
1 143
1 144
1 145
1 146
1 148
1 158
1 161
1 165
1 169
1 172
1 174
1 176
1 182
1 184
1 190
2 7
2 30
2 43
2 52
2 55
2 58
2 61
2 63
2 69
2 70
2 71
2 72
2 73
2 78
2 81
2 85
2 86
2 91
2 96
2 107
2 109
2 114
2 115
2 119
2 121
2 125
2 127
2 131
2 132
2 145
2 149
2 159
2 160
2 169
2 172
2 184
2 186
2 190
2 199
3 6
3 9
3 10
3 11
3 15
3 16
3 21
3 27
3 28
3 38
3 43
3 44
3 45
3 48
3 49
3 50
3 51
3 55
3 60
3 63
3 69
3 70
3 74
3 75
3 80
3 81
3 82
3 84
3 85
3 89
3 92
3 103
3 107
3 108
3 111
3 112
3 115
3 118
3 119
3 120
3 126
3 127
3 129
3 136
3 141
3 145
3 153
3 155
3 163
3 164
3 166
3 171
3 172
3 173
3 175
3 179
3 199
4 10
4 22
4 25
4 36
4 38
4 39
4 43
4 51
4 52
4 55
4 63
4 64
4 67
4 71
4 76
4 78
4 86
4 90
4 91
4 95
4 100
4 102
4 105
4 110
4 115
4 120
4 125
4 128
4 133
4 134
4 136
4 139
4 140
4 141
4 148
4 149
4 150
4 153
4 164
4 165
4 166
4 171
4 176
4 181
4 191
4 193
4 194
5 6
5 11
5 17
5 25
5 42
5 52
5 54
5 61
5 65
5 66
5 77
5 79
5 80
5 85
5 88
5 90
5 96
5 98
5 104
5 105
5 110
5 112
5 113
5 114
5 115
5 116
5 121
5 129
5 130
5 134
5 138
5 142
5 147
5 150
5 153
5 167
5 177
5 179
5 180
5 186
5 189
5 198
6 10
6 12
6 18
6 26
6 27
6 29
6 30
6 41
6 42
6 43
6 50
6 51
6 64
6 75
6 77
6 83
6 85
6 86
6 88
6 89
6 93
6 98
6 101
6 102
6 108
6 116
6 119
6 120
6 125
6 132
6 134
6 135
6 136
6 142
6 147
6 150
6 153
6 167
6 173
6 178
6 179
6 182
6 191
6 193
6 196
7 11
7 12
7 15
7 20
7 21
7 23
7 25
7 26
7 33
7 37
7 38
7 40
7 49
7 54
7 59
7 63
7 68
7 70
7 73
7 74
7 82
7 84
7 87
7 88
7 91
7 92
7 99
7 104
7 110
7 115
7 121
7 124
7 125
7 127
7 131
7 132
7 136
7 139
7 141
7 142
7 143
7 155
7 156
7 160
7 166
7 167
7 173
7 180
7 183
7 184
7 185
7 193
7 194
7 195
7 196
7 198
7 199
8 9
8 10
8 11
8 13
8 16
8 19
8 27
8 28
8 29
8 34
8 35
8 36
8 37
8 52
8 54
8 58
8 59
8 61
8 74
8 81
8 82
8 83
8 87
8 89
8 90
8 92
8 96
8 98
8 101
8 104
8 107
8 112
8 113
8 114
8 122
8 127
8 129
8 131
8 134
8 138
8 140
8 141
8 145
8 147
8 153
8 154
8 159
8 164
8 166
8 169
8 175
8 178
8 179
8 180
8 187
8 189
8 195
8 196
8 197
8 198
9 11
9 14
9 19
9 24
9 26
9 32
9 34
9 37
9 38
9 47
9 48
9 50
9 52
9 59
9 60
9 61
9 62
9 66
9 73
9 77
9 80
9 82
9 83
9 85
9 89
9 93
9 98
9 105
9 107
9 113
9 116
9 118
9 124
9 127
9 130
9 131
9 132
9 134
9 135
9 141
9 154
9 161
9 167
9 180
9 185
9 187
9 189
9 191
9 192
9 194
10 12
10 18
10 27
10 35
10 36
10 42
10 47
10 59
10 62
10 70
10 73
10 76
10 80
10 81
10 82
10 86
10 92
10 102
10 105
10 111
10 114
10 116
10 127
10 134
10 136
10 142
10 143
10 145
10 148
10 149
10 151
10 155
10 158
10 162
10 164
10 165
10 167
10 177
10 178
10 185
10 193
11 13
11 15
11 19
11 21
11 22
11 24
11 25
11 26
11 32
11 35
11 37
11 39
11 42
11 43
11 49
11 50
11 51
11 53
11 57
11 60
11 65
11 67
11 70
11 73
11 78
11 80
11 81
11 85
11 86
11 87
11 89
11 98
11 102
11 107
11 127
11 128
11 133
11 137
11 140
11 148
11 149
11 150
11 155
11 176
11 186
11 188
11 190
11 192
11 195
12 19
12 22
12 26
12 29
12 35
12 55
12 57
12 63
12 64
12 66
12 74
12 75
12 79
12 81
12 91
12 92
12 98
12 108
12 117
12 118
12 119
12 121
12 122
12 123
12 125
12 126
12 128
12 131
12 135
12 136
12 137
12 138
12 146
12 147
12 148
12 152
12 155
12 156
12 160
12 161
12 163
12 166
12 168
12 170
12 171
12 173
12 176
12 181
12 188
12 194
12 195
13 17
13 20
13 24
13 29
13 30
13 31
13 43
13 50
13 57
13 59
13 60
13 62
13 64
13 65
13 66
13 70
13 71
13 74
13 75
13 76
13 77
13 84
13 86
13 89
13 92
13 97
13 100
13 102
13 105
13 116
13 119
13 121
13 124
13 125
13 128
13 130
13 149
13 152
13 153
13 156
13 158
13 159
13 160
13 161
13 165
13 167
13 170
13 172
13 181
13 184
13 186
13 193
14 17
14 18
14 19
14 23
14 26
14 29
14 39
14 41
14 42
14 44
14 45
14 50
14 51
14 56
14 60
14 64
14 69
14 71
14 78
14 81
14 84
14 88
14 90
14 97
14 98
14 105
14 106
14 107
14 110
14 120
14 122
14 124
14 128
14 134
14 136
14 140
14 148
14 150
14 151
14 156
14 161
14 162
14 167
14 168
14 172
14 179
14 181
14 184
14 191
14 193
15 16
15 20
15 22
15 25
15 32
15 48
15 52
15 54
15 58
15 65
15 73
15 75
15 86
15 90
15 91
15 93
15 95
15 96
15 101
15 110
15 112
15 114
15 115
15 119
15 122
15 123
15 125
15 126
15 127
15 132
15 133
15 136
15 139
15 140
15 141
15 153
15 154
15 158
15 174
15 178
15 180
15 181
15 189
15 191
15 194
15 195
15 196
16 26
16 30
16 31
16 47
16 63
16 66
16 70
16 71
16 72
16 78
16 82
16 91
16 94
16 97
16 106
16 116
16 119
16 121
16 125
16 127
16 128
16 130
16 131
16 140
16 145
16 148
16 151
16 153
16 164
16 172
16 174
16 178
16 182
16 189
16 190
16 197
16 198
17 19
17 20
17 22
17 28
17 29
17 33
17 34
17 35
17 54
17 58
17 60
17 64
17 66
17 69
17 79
17 84
17 86
17 94
17 105
17 109
17 116
17 117
17 120
17 123
17 124
17 130
17 131
17 138
17 141
17 143
17 149
17 152
17 161
17 172
17 173
17 179
17 180
17 183
17 185
17 191
17 193
17 194
17 196
18 21
18 31
18 36
18 40
18 41
18 44
18 47
18 50
18 60
18 61
18 67
18 68
18 69
18 72
18 78
18 79
18 84
18 87
18 95
18 103
18 104
18 110
18 123
18 131
18 134
18 145
18 146
18 156
18 158
18 163
18 166
18 168
18 170
18 173
18 178
18 179
18 181
18 185
18 196
19 29
19 44
19 45
19 46
19 48
19 50
19 51
19 56
19 57
19 59
19 61
19 68
19 73
19 81
19 83
19 86
19 87
19 90
19 92
19 95
19 99
19 113
19 118
19 121
19 123
19 125
19 126
19 135
19 136
19 141
19 147
19 152
19 153
19 158
19 160
19 171
19 172
19 173
19 174
19 180
19 182
19 187
19 189
19 190
19 196
19 197
20 22
20 26
20 34
20 41
20 46
20 52
20 56
20 58
20 67
20 81
20 85
20 87
20 90
20 97
20 98
20 108
20 112
20 114
20 115
20 116
20 127
20 129
20 131
20 132
20 140
20 142
20 146
20 151
20 153
20 156
20 160
20 161
20 162
20 163
20 164
20 169
20 174
20 177
20 178
20 190
20 193
20 195
20 197
21 23
21 25
21 42
21 46
21 47
21 55
21 58
21 59
21 60
21 67
21 72
21 75
21 76
21 81
21 85
21 88
21 89
21 92
21 94
21 95
21 96
21 102
21 104
21 107
21 119
21 123
21 125
21 129
21 135
21 145
21 174
21 189
21 193
22 25
22 29
22 33
22 37
22 38
22 46
22 51
22 57
22 64
22 65
22 75
22 82
22 91
22 92
22 97
22 104
22 106
22 114
22 116
22 124
22 127
22 128
22 142
22 143
22 146
22 147
22 150
22 152
22 153
22 154
22 157
22 162
22 163
22 164
22 166
22 168
22 178
22 184
22 186
22 190
22 191
22 192
22 193
22 198
22 199
23 37
23 41
23 42
23 43
23 46
23 50
23 54
23 58
23 59
23 61
23 66
23 70
23 72
23 75
23 78
23 85
23 94
23 95
23 99
23 101
23 107
23 114
23 118
23 127
23 129
23 133
23 134
23 135
23 138
23 141
23 151
23 157
23 164
23 166
23 169
23 172
23 174
23 176
23 178
23 190
23 193
23 194
23 196
23 198
24 28
24 30
24 32
24 40
24 42
24 43
24 44
24 61
24 65
24 68
24 69
24 72
24 75
24 78
24 83
24 86
24 89
24 94
24 100
24 102
24 105
24 109
24 115
24 116
24 117
24 120
24 121
24 123
24 127
24 128
24 130
24 136
24 139
24 142
24 143
24 145
24 153
24 160
24 161
24 162
24 164
24 167
24 168
24 171
24 172
24 174
24 179
24 182
24 186
24 192
24 193
24 195
24 199
25 27
25 28
25 30
25 33
25 40
25 44
25 45
25 48
25 58
25 59
25 60
25 64
25 65
25 68
25 74
25 82
25 85
25 86
25 88
25 97
25 98
25 107
25 113
25 116
25 119
25 127
25 129
25 144
25 146
25 150
25 155
25 158
25 168
25 171
25 174
25 185
25 186
25 187
25 190
25 196
25 199
26 28
26 32
26 34
26 42
26 45
26 48
26 50
26 51
26 60
26 62
26 74
26 76
26 79
26 81
26 84
26 85
26 89
26 93
26 97
26 102
26 103
26 107
26 119
26 120
26 124
26 130
26 134
26 138
26 140
26 151
26 157
26 161
26 163
26 165
26 168
26 170
26 177
26 178
26 186
26 188
26 192
26 193
26 195
26 199
27 28
27 29
27 33
27 34
27 36
27 41
27 43
27 46
27 49
27 51
27 56
27 58
27 61
27 63
27 64
27 66
27 67
27 69
27 73
27 85
27 87
27 92
27 94
27 104
27 124
27 126
27 134
27 137
27 145
27 155
27 159
27 162
27 167
27 170
27 173
27 175
27 184
27 188
27 191
27 199
28 30
28 41
28 42
28 44
28 50
28 53
28 56
28 67
28 72
28 76
28 78
28 83
28 88
28 93
28 94
28 99
28 100
28 101
28 110
28 114
28 120
28 127
28 129
28 133
28 144
28 146
28 147
28 148
28 154
28 161
28 165
28 167
28 171
28 177
28 180
28 189
28 191
28 196
28 197
28 198
29 30
29 34
29 39
29 40
29 41
29 42
29 59
29 63
29 69
29 79
29 83
29 84
29 88
29 90
29 99
29 101
29 103
29 105
29 106
29 109
29 116
29 117
29 118
29 120
29 122
29 131
29 132
29 133
29 136
29 137
29 139
29 140
29 148
29 149
29 152
29 162
29 164
29 167
29 169
29 170
29 175
29 177
29 179
29 180
29 185
29 186
29 190
29 198
30 31
30 32
30 34
30 35
30 38
30 40
30 47
30 53
30 54
30 69
30 70
30 78
30 84
30 90
30 94
30 113
30 115
30 116
30 127
30 130
30 131
30 135
30 138
30 140
30 152
30 153
30 161
30 170
30 172
30 174
30 177
30 179
30 182
30 184
30 185
30 190
30 197
31 34
31 35
31 36
31 37
31 38
31 46
31 47
31 49
31 52
31 55
31 68
31 73
31 74
31 77
31 81
31 83
31 85
31 86
31 90
31 93
31 95
31 101
31 104
31 105
31 106
31 117
31 118
31 127
31 128
31 129
31 140
31 144
31 148
31 152
31 163
31 164
31 166
31 167
31 171
31 176
31 179
31 183
31 184
31 192
31 194
31 196
31 199
32 33
32 34
32 35
32 38
32 45
32 47
32 53
32 62
32 64
32 69
32 74
32 84
32 93
32 100
32 105
32 113
32 117
32 119
32 120
32 125
32 132
32 134
32 136
32 140
32 146
32 147
32 152
32 155
32 157
32 161
32 165
32 170
32 178
32 183
32 193
32 195
32 199
33 43
33 45
33 48
33 58
33 61
33 64
33 67
33 71
33 77
33 78
33 79
33 80
33 94
33 96
33 100
33 102
33 104
33 109
33 125
33 126
33 131
33 136
33 137
33 138
33 140
33 143
33 147
33 148
33 149
33 154
33 156
33 161
33 162
33 169
33 176
33 187
33 190
33 191
33 195
33 196
33 198
34 35
34 37
34 46
34 51
34 52
34 56
34 57
34 62
34 68
34 70
34 75
34 80
34 81
34 82
34 87
34 91
34 93
34 94
34 98
34 103
34 107
34 109
34 115
34 126
34 130
34 133
34 134
34 135
34 139
34 143
34 147
34 148
34 153
34 155
34 162
34 163
34 175
34 178
34 182
34 184
34 189
34 196
35 36
35 43
35 46
35 47
35 49
35 55
35 56
35 67
35 68
35 69
35 76
35 77
35 81
35 82
35 84
35 89
35 93
35 94
35 96
35 100
35 101
35 102
35 106
35 111
35 113
35 114
35 118
35 120
35 122
35 125
35 126
35 130
35 136
35 150
35 154
35 167
35 182
35 183
35 187
35 189
35 190
35 192
35 197
35 198
36 38
36 42
36 48
36 52
36 53
36 60
36 61
36 62
36 63
36 64
36 68
36 74
36 90
36 93
36 96
36 99
36 101
36 110
36 112
36 114
36 116
36 121
36 124
36 125
36 126
36 130
36 131
36 134
36 138
36 142
36 143
36 148
36 154
36 158
36 162
36 165
36 167
36 168
36 172
36 173
36 175
36 182
36 185
36 188
36 191
36 195
37 42
37 43
37 44
37 45
37 46
37 52
37 64
37 69
37 70
37 71
37 72
37 84
37 88
37 90
37 95
37 99
37 100
37 107
37 115
37 128
37 133
37 134
37 140
37 143
37 147
37 148
37 154
37 155
37 156
37 158
37 163
37 166
37 174
37 175
37 178
37 181
37 183
37 189
37 194
38 39
38 40
38 43
38 45
38 53
38 57
38 60
38 61
38 62
38 67
38 73
38 79
38 89
38 92
38 96
38 99
38 101
38 109
38 110
38 112
38 113
38 115
38 118
38 120
38 123
38 128
38 129
38 130
38 134
38 139
38 143
38 146
38 147
38 153
38 160
38 167
38 169
38 171
38 173
38 176
38 178
38 181
38 183
38 188
38 198
38 199
39 42
39 47
39 49
39 50
39 51
39 53
39 56
39 64
39 69
39 70
39 71
39 75
39 77
39 79
39 97
39 106
39 116
39 117
39 119
39 120
39 123
39 142
39 149
39 154
39 158
39 166
39 167
39 171
39 176
39 179
39 181
39 184
39 185
39 186
39 195
39 198
39 199
40 44
40 49
40 60
40 64
40 82
40 86
40 87
40 88
40 93
40 94
40 98
40 100
40 102
40 103
40 104
40 105
40 106
40 110
40 112
40 118
40 120
40 125
40 132
40 136
40 144
40 145
40 153
40 155
40 160
40 161
40 165
40 167
40 173
40 175
40 182
40 190
40 192
40 193
40 194
40 195
41 52
41 55
41 56
41 59
41 61
41 62
41 64
41 70
41 73
41 75
41 83
41 84
41 86
41 89
41 90
41 94
41 100
41 101
41 102
41 106
41 113
41 122
41 123
41 125
41 127
41 138
41 140
41 142
41 143
41 145
41 151
41 155
41 158
41 161
41 162
41 167
41 172
41 174
41 175
41 177
41 182
41 183
41 186
41 188
41 196
41 198
42 51
42 52
42 57
42 60
42 62
42 64
42 65
42 67
42 81
42 83
42 87
42 93
42 98
42 101
42 106
42 110
42 111
42 116
42 121
42 134
42 140
42 142
42 143
42 144
42 152
42 160
42 164
42 172
42 173
42 175
42 181
42 182
42 183
42 188
42 192
42 194
42 197
43 47
43 58
43 60
43 61
43 62
43 65
43 76
43 78
43 79
43 81
43 82
43 84
43 85
43 87
43 89
43 90
43 91
43 96
43 103
43 105
43 107
43 109
43 112
43 113
43 114
43 116
43 117
43 119
43 121
43 126
43 128
43 129
43 134
43 140
43 142
43 146
43 154
43 158
43 161
43 162
43 166
43 174
43 181
43 183
43 184
43 199
44 45
44 50
44 58
44 63
44 70
44 76
44 77
44 82
44 85
44 86
44 94
44 98
44 100
44 107
44 109
44 115
44 119
44 125
44 130
44 138
44 140
44 141
44 146
44 147
44 150
44 151
44 152
44 154
44 163
44 165
44 166
44 170
44 176
44 178
44 182
44 187
44 190
44 192
44 194
44 195
44 196
45 46
45 55
45 57
45 59
45 63
45 66
45 67
45 69
45 71
45 79
45 81
45 83
45 85
45 89
45 90
45 91
45 95
45 101
45 104
45 112
45 117
45 120
45 129
45 130
45 132
45 133
45 134
45 140
45 141
45 143
45 149
45 151
45 154
45 155
45 156
45 157
45 165
45 167
45 174
45 178
45 181
45 182
45 189
45 197
45 198
46 47
46 49
46 51
46 54
46 57
46 58
46 59
46 64
46 69
46 75
46 78
46 83
46 93
46 94
46 100
46 101
46 107
46 120
46 124
46 126
46 128
46 130
46 135
46 140
46 146
46 150
46 153
46 154
46 160
46 161
46 172
46 175
46 183
46 184
46 195
46 197
46 198
47 48
47 55
47 56
47 60
47 65
47 66
47 68
47 69
47 70
47 75
47 76
47 80
47 83
47 87
47 89
47 93
47 95
47 99
47 103
47 113
47 135
47 136
47 141
47 144
47 146
47 149
47 152
47 157
47 159
47 163
47 167
47 180
47 184
47 187
47 188
47 191
47 193
47 194
47 195
47 199
48 52
48 62
48 63
48 64
48 67
48 71
48 77
48 80
48 81
48 84
48 86
48 87
48 91
48 93
48 95
48 107
48 114
48 115
48 133
48 134
48 137
48 139
48 141
48 144
48 150
48 157
48 163
48 167
48 175
48 177
48 187
48 192
49 61
49 62
49 70
49 71
49 72
49 81
49 88
49 100
49 116
49 125
49 127
49 128
49 132
49 133
49 137
49 141
49 145
49 147
49 151
49 157
49 158
49 160
49 170
49 172
49 173
49 179
49 181
49 183
49 184
49 186
49 187
49 194
49 195
50 51
50 54
50 55
50 58
50 59
50 60
50 66
50 72
50 78
50 79
50 90
50 100
50 106
50 111
50 112
50 117
50 119
50 138
50 141
50 145
50 147
50 150
50 151
50 153
50 154
50 162
50 166
50 167
50 180
50 181
50 187
50 192
50 193
50 197
50 198
51 53
51 54
51 55
51 56
51 57
51 69
51 82
51 83
51 85
51 91
51 93
51 97
51 100
51 101
51 105
51 107
51 115
51 119
51 124
51 126
51 127
51 137
51 150
51 151
51 153
51 159
51 160
51 176
51 182
51 184
51 188
51 189
51 190
51 198
52 55
52 56
52 74
52 75
52 83
52 90
52 97
52 103
52 105
52 107
52 110
52 123
52 127
52 130
52 131
52 145
52 146
52 156
52 158
52 161
52 162
52 163
52 164
52 171
52 179
52 180
52 185
52 186
52 190
52 191
52 195
52 197
53 56
53 57
53 60
53 65
53 66
53 70
53 71
53 72
53 75
53 77
53 80
53 84
53 85
53 86
53 88
53 90
53 95
53 97
53 98
53 102
53 103
53 105
53 112
53 113
53 114
53 117
53 123
53 129
53 135
53 136
53 137
53 140
53 151
53 160
53 162
53 163
53 166
53 174
53 178
53 187
53 193
53 194
53 199
54 56
54 58
54 62
54 68
54 75
54 79
54 84
54 86
54 87
54 93
54 100
54 101
54 102
54 103
54 105
54 107
54 108
54 111
54 116
54 117
54 119
54 123
54 125
54 137
54 139
54 141
54 143
54 147
54 149
54 155
54 158
54 160
54 162
54 163
54 170
54 171
54 175
54 184
54 188
54 189
54 190
54 192
54 194
54 197
55 56
55 66
55 70
55 71
55 72
55 76
55 79
55 81
55 91
55 94
55 96
55 100
55 101
55 103
55 110
55 111
55 119
55 120
55 126
55 130
55 132
55 136
55 140
55 141
55 144
55 151
55 159
55 160
55 162
55 163
55 164
55 165
55 171
55 174
55 177
55 178
55 184
55 190
55 192
55 194
55 196
56 58
56 59
56 71
56 74
56 77
56 83
56 84
56 94
56 95
56 102
56 106
56 108
56 114
56 115
56 123
56 126
56 137
56 139
56 140
56 144
56 152
56 155
56 160
56 161
56 162
56 168
56 170
56 174
56 177
56 178
56 188
56 193
56 198
57 58
57 63
57 68
57 71
57 72
57 75
57 76
57 83
57 84
57 86
57 95
57 96
57 103
57 108
57 110
57 114
57 119
57 120
57 121
57 127
57 134
57 136
57 139
57 140
57 142
57 155
57 156
57 159
57 164
57 172
57 174
57 177
57 180
57 187
57 188
57 193
57 199
58 62
58 63
58 64
58 67
58 83
58 86
58 87
58 89
58 92
58 95
58 99
58 106
58 110
58 114
58 122
58 125
58 126
58 127
58 133
58 137
58 139
58 140
58 141
58 146
58 147
58 156
58 165
58 170
58 172
58 177
58 187
58 188
58 195
59 60
59 63
59 68
59 72
59 77
59 78
59 79
59 81
59 82
59 83
59 84
59 85
59 92
59 101
59 104
59 108
59 114
59 115
59 119
59 125
59 137
59 142
59 144
59 145
59 148
59 150
59 158
59 162
59 165
59 166
59 167
59 170
59 171
59 172
59 176
59 178
59 179
59 183
59 185
60 64
60 65
60 67
60 69
60 72
60 80
60 90
60 99
60 102
60 105
60 107
60 111
60 112
60 113
60 115
60 117
60 119
60 120
60 121
60 122
60 123
60 132
60 133
60 141
60 142
60 143
60 147
60 151
60 152
60 153
60 154
60 157
60 173
60 175
60 178
60 184
60 187
60 191
60 195
61 66
61 67
61 72
61 75
61 77
61 81
61 82
61 83
61 87
61 96
61 98
61 99
61 100
61 104
61 106
61 107
61 108
61 110
61 115
61 125
61 130
61 140
61 141
61 143
61 147
61 148
61 155
61 158
61 160
61 162
61 172
61 175
61 176
61 186
61 187
62 71
62 72
62 73
62 75
62 77
62 79
62 89
62 90
62 101
62 105
62 112
62 128
62 131
62 132
62 136
62 139
62 150
62 164
62 173
62 175
62 181
62 182
62 183
62 184
62 185
62 186
62 188
62 189
62 192
62 197
63 65
63 66
63 69
63 71
63 76
63 80
63 82
63 84
63 85
63 101
63 114
63 116
63 120
63 122
63 130
63 134
63 135
63 137
63 138
63 141
63 148
63 149
63 153
63 165
63 167
63 171
63 180
63 184
63 189
63 195
63 196
64 69
64 70
64 74
64 79
64 92
64 95
64 96
64 102
64 103
64 106
64 107
64 118
64 119
64 120
64 122
64 123
64 128
64 133
64 134
64 139
64 140
64 144
64 147
64 150
64 156
64 157
64 164
64 167
64 169
64 176
64 182
64 192
64 194
64 196
65 66
65 69
65 78
65 79
65 80
65 81
65 82
65 87
65 94
65 102
65 103
65 120
65 126
65 128
65 136
65 140
65 149
65 160
65 163
65 169
65 170
65 198
66 68
66 73
66 88
66 90
66 91
66 93
66 96
66 97
66 100
66 102
66 114
66 116
66 118
66 120
66 122
66 123
66 124
66 125
66 128
66 132
66 142
66 144
66 147
66 148
66 150
66 151
66 157
66 159
66 161
66 165
66 168
66 169
66 173
66 189
66 195
67 68
67 70
67 72
67 76
67 79
67 81
67 82
67 87
67 100
67 102
67 106
67 119
67 120
67 121
67 124
67 135
67 139
67 144
67 146
67 149
67 160
67 161
67 177
67 180
67 184
67 187
67 189
67 193
67 197
67 199
68 70
68 75
68 76
68 77
68 85
68 87
68 89
68 100
68 101
68 104
68 105
68 106
68 111
68 114
68 118
68 122
68 125
68 127
68 129
68 134
68 138
68 139
68 145
68 148
68 151
68 155
68 158
68 159
68 164
68 167
68 172
68 174
68 175
68 176
68 182
68 194
68 196
69 73
69 79
69 83
69 91
69 100
69 103
69 107
69 108
69 113
69 117
69 124
69 125
69 126
69 133
69 138
69 141
69 143
69 147
69 159
69 160
69 161
69 163
69 166
69 170
69 172
69 176
69 177
69 178
69 180
69 186
69 188
69 194
69 197
69 198
70 75
70 77
70 79
70 88
70 90
70 92
70 101
70 104
70 105
70 110
70 114
70 115
70 120
70 123
70 127
70 133
70 137
70 140
70 147
70 159
70 162
70 163
70 164
70 165
70 168
70 169
70 170
70 173
70 174
70 176
70 177
70 180
70 181
70 189
70 191
70 195
71 76
71 82
71 84
71 93
71 94
71 96
71 102
71 105
71 107
71 108
71 117
71 118
71 123
71 124
71 133
71 134
71 135
71 149
71 152
71 159
71 164
71 165
71 169
71 182
71 188
71 194
72 75
72 78
72 81
72 82
72 85
72 89
72 92
72 94
72 95
72 96
72 98
72 105
72 107
72 108
72 111
72 115
72 127
72 133
72 137
72 143
72 153
72 154
72 161
72 167
72 172
72 173
72 182
72 185
72 192
72 196
72 198
72 199
73 76
73 88
73 99
73 100
73 105
73 108
73 110
73 113
73 116
73 117
73 118
73 144
73 149
73 154
73 155
73 158
73 163
73 168
73 172
73 178
73 180
73 182
73 191
74 76
74 78
74 79
74 80
74 86
74 90
74 91
74 99
74 101
74 105
74 109
74 111
74 112
74 116
74 118
74 119
74 126
74 143
74 146
74 159
74 167
74 174
74 175
74 177
74 181
74 189
74 190
74 191
74 198
75 84
75 85
75 87
75 88
75 90
75 97
75 102
75 108
75 112
75 116
75 119
75 120
75 121
75 124
75 126
75 129
75 133
75 135
75 140
75 142
75 145
75 146
75 149
75 150
75 156
75 159
75 161
75 166
75 173
75 175
75 176
75 193
75 198
76 77
76 80
76 82
76 83
76 86
76 87
76 88
76 94
76 101
76 103
76 106
76 109
76 113
76 119
76 120
76 124
76 132
76 139
76 140
76 141
76 144
76 151
76 152
76 158
76 159
76 165
76 168
76 178
76 180
76 181
76 184
76 185
76 188
76 190
76 191
76 192
76 197
77 81
77 83
77 84
77 89
77 94
77 101
77 119
77 121
77 122
77 132
77 139
77 143
77 145
77 150
77 151
77 154
77 156
77 159
77 161
77 162
77 166
77 167
77 172
77 176
77 180
77 187
77 190
77 193
77 194
77 199
78 88
78 89
78 90
78 91
78 94
78 98
78 99
78 100
78 101
78 106
78 114
78 115
78 122
78 128
78 132
78 137
78 138
78 145
78 152
78 160
78 161
78 162
78 167
78 169
78 172
78 173
78 176
78 177
78 188
78 193
78 195
79 81
79 82
79 87
79 89
79 90
79 91
79 94
79 95
79 96
79 97
79 98
79 119
79 122
79 127
79 131
79 134
79 142
79 146
79 148
79 150
79 151
79 153
79 156
79 158
79 161
79 162
79 163
79 165
79 171
79 180
79 182
79 183
79 184
79 189
79 191
79 192
79 195
79 197
80 92
80 94
80 96
80 100
80 101
80 103
80 108
80 111
80 114
80 116
80 117
80 118
80 122
80 123
80 125
80 128
80 131
80 132
80 134
80 136
80 139
80 140
80 141
80 144
80 149
80 150
80 153
80 155
80 156
80 158
80 162
80 170
80 173
80 175
80 177
80 179
80 180
80 185
80 186
80 191
81 90
81 91
81 102
81 108
81 118
81 120
81 121
81 124
81 136
81 141
81 144
81 145
81 147
81 148
81 151
81 175
81 184
81 185
81 189
81 196
81 199
82 85
82 96
82 102
82 104
82 108
82 116
82 117
82 119
82 120
82 128
82 133
82 134
82 137
82 138
82 146
82 153
82 156
82 159
82 160
82 164
82 169
82 170
82 177
82 181
82 182
82 185
82 188
82 194
82 196
82 198
82 199
83 85
83 87
83 88
83 92
83 96
83 105
83 107
83 113
83 114
83 115
83 120
83 125
83 128
83 130
83 137
83 138
83 144
83 152
83 153
83 154
83 156
83 158
83 162
83 163
83 164
83 165
83 166
83 169
83 170
83 175
83 182
83 196
84 90
84 96
84 98
84 100
84 101
84 108
84 120
84 126
84 128
84 131
84 134
84 135
84 136
84 140
84 144
84 154
84 158
84 163
84 165
84 166
84 170
84 174
84 175
84 178
84 187
84 189
84 195
84 196
84 199
85 87
85 88
85 90
85 92
85 98
85 107
85 108
85 109
85 115
85 118
85 122
85 128
85 133
85 141
85 145
85 148
85 153
85 164
85 165
85 167
85 168
85 182
85 185
85 186
85 188
85 194
85 195
85 198
85 199
86 90
86 92
86 93
86 95
86 105
86 115
86 121
86 123
86 124
86 127
86 128
86 129
86 131
86 139
86 140
86 141
86 143
86 145
86 147
86 152
86 157
86 163
86 164
86 166
86 173
86 177
86 179
86 181
87 96
87 103
87 107
87 133
87 137
87 142
87 147
87 150
87 152
87 155
87 166
87 173
87 178
87 184
87 185
87 191
87 192
87 195
88 113
88 124
88 133
88 137
88 138
88 143
88 144
88 146
88 149
88 150
88 156
88 159
88 164
88 175
88 188
88 189
88 190
88 191
88 193
88 194
88 195
88 197
89 99
89 100
89 103
89 105
89 106
89 109
89 111
89 115
89 118
89 122
89 134
89 135
89 136
89 137
89 139
89 143
89 147
89 148
89 151
89 155
89 165
89 167
89 168
89 169
89 172
89 175
89 187
89 191
89 199
90 92
90 96
90 98
90 101
90 103
90 106
90 110
90 111
90 112
90 113
90 125
90 126
90 139
90 141
90 145
90 150
90 159
90 168
90 169
90 170
90 173
90 178
90 180
90 182
90 185
90 186
90 191
91 92
91 94
91 95
91 98
91 101
91 113
91 114
91 115
91 117
91 118
91 119
91 122
91 124
91 128
91 131
91 133
91 134
91 138
91 146
91 158
91 161
91 163
91 166
91 167
91 170
91 177
91 191
91 197
92 101
92 102
92 103
92 105
92 108
92 109
92 110
92 112
92 122
92 125
92 129
92 132
92 135
92 136
92 142
92 148
92 149
92 151
92 153
92 156
92 159
92 160
92 163
92 168
92 169
92 173
92 182
92 186
92 188
92 194
93 95
93 98
93 101
93 105
93 112
93 114
93 117
93 119
93 120
93 121
93 125
93 126
93 128
93 129
93 131
93 132
93 138
93 141
93 146
93 147
93 151
93 156
93 158
93 162
93 163
93 164
93 166
93 172
93 180
93 183
93 184
93 187
93 192
93 193
93 198
93 199
94 95
94 96
94 100
94 104
94 112
94 114
94 116
94 119
94 126
94 130
94 132
94 134
94 137
94 141
94 144
94 147
94 166
94 172
94 179
94 181
94 182
94 184
94 188
94 191
95 101
95 107
95 113
95 117
95 118
95 121
95 127
95 128
95 136
95 138
95 144
95 148
95 158
95 167
95 180
95 182
95 192
95 193
95 199
96 97
96 98
96 104
96 109
96 114
96 117
96 119
96 120
96 121
96 124
96 150
96 156
96 158
96 160
96 164
96 172
96 177
96 178
96 182
96 183
96 190
96 194
96 196
96 199
97 98
97 99
97 108
97 111
97 112
97 113
97 115
97 116
97 120
97 124
97 135
97 139
97 140
97 142
97 143
97 144
97 146
97 147
97 148
97 152
97 153
97 154
97 155
97 170
97 171
97 174
97 175
97 176
97 177
97 179
97 184
97 187
97 193
97 194
97 197
98 99
98 107
98 108
98 112
98 114
98 115
98 116
98 117
98 119
98 130
98 132
98 142
98 149
98 159
98 161
98 164
98 172
98 188
98 189
98 192
98 194
98 195
99 104
99 107
99 109
99 112
99 114
99 116
99 117
99 122
99 124
99 130
99 135
99 140
99 141
99 143
99 146
99 147
99 148
99 149
99 151
99 157
99 158
99 162
99 167
99 168
99 170
99 172
99 175
99 181
99 185
99 192
99 193
99 195
99 199
100 103
100 104
100 114
100 115
100 123
100 125
100 127
100 130
100 139
100 146
100 151
100 153
100 155
100 156
100 157
100 158
100 163
100 175
100 176
100 180
100 181
100 193
100 199
101 104
101 114
101 123
101 126
101 131
101 141
101 150
101 154
101 160
101 184
102 108
102 113
102 122
102 124
102 129
102 139
102 157
102 164
102 165
102 167
102 169
102 170
102 171
102 176
102 183
102 189
103 104
103 106
103 107
103 109
103 110
103 111
103 112
103 114
103 118
103 126
103 128
103 129
103 133
103 135
103 139
103 142
103 144
103 158
103 168
103 169
103 172
103 173
103 176
103 180
103 184
103 193
104 107
104 109
104 111
104 117
104 118
104 119
104 124
104 126
104 140
104 143
104 153
104 155
104 159
104 173
104 176
104 183
104 186
104 188
104 192
104 194
104 199
105 108
105 110
105 112
105 113
105 116
105 118
105 123
105 132
105 133
105 141
105 144
105 152
105 156
105 157
105 161
105 162
105 164
105 166
105 177
105 178
105 183
105 184
105 186
105 195
105 199
106 112
106 114
106 118
106 119
106 122
106 126
106 127
106 129
106 137
106 145
106 147
106 150
106 157
106 162
106 164
106 169
106 170
106 173
106 176
106 178
106 183
106 193
106 195
106 198
107 113
107 114
107 118
107 121
107 125
107 129
107 130
107 133
107 135
107 136
107 140
107 143
107 145
107 150
107 152
107 164
107 167
107 168
107 169
107 176
107 177
107 181
107 184
107 190
107 191
107 192
107 193
107 195
108 112
108 117
108 133
108 134
108 140
108 145
108 158
108 162
108 170
108 176
108 177
108 186
108 189
108 191
108 193
109 114
109 122
109 130
109 136
109 143
109 147
109 150
109 151
109 153
109 160
109 169
109 176
109 187
109 190
109 191
109 197
110 111
110 112
110 123
110 130
110 132
110 135
110 139
110 143
110 145
110 154
110 156
110 166
110 168
110 173
110 175
110 180
110 182
110 185
110 199
111 119
111 120
111 124
111 129
111 130
111 138
111 142
111 148
111 150
111 157
111 160
111 161
111 162
111 165
111 166
111 175
111 180
111 181
111 187
111 190
112 115
112 116
112 117
112 120
112 122
112 123
112 127
112 129
112 130
112 131
112 134
112 139
112 150
112 166
112 173
112 174
112 176
112 180
112 185
112 187
112 189
113 115
113 117
113 126
113 129
113 136
113 137
113 139
113 149
113 150
113 153
113 155
113 156
113 159
113 162
113 165
113 167
113 168
113 174
113 177
113 178
113 179
113 180
113 182
113 184
113 189
113 192
113 198
114 128
114 135
114 136
114 138
114 146
114 153
114 161
114 166
114 176
114 178
114 187
114 190
114 197
115 116
115 117
115 118
115 121
115 123
115 127
115 128
115 132
115 134
115 137
115 138
115 139
115 148
115 157
115 159
115 161
115 164
115 170
115 176
115 177
115 178
115 179
115 180
115 181
115 182
115 194
116 117
116 119
116 130
116 133
116 136
116 138
116 146
116 150
116 152
116 153
116 167
116 170
116 173
116 174
116 175
116 178
116 181
116 185
116 186
116 193
116 197
117 118
117 120
117 121
117 122
117 123
117 125
117 131
117 133
117 135
117 139
117 140
117 141
117 142
117 145
117 147
117 148
117 151
117 153
117 161
117 175
117 178
117 181
117 182
117 185
117 187
117 189
117 191
117 196
118 123
118 129
118 131
118 140
118 142
118 143
118 144
118 145
118 147
118 150
118 151
118 153
118 159
118 163
118 167
118 172
118 173
118 175
118 178
118 183
118 184
118 185
118 186
118 187
118 189
118 190
118 193
119 121
119 123
119 124
119 127
119 128
119 129
119 131
119 132
119 140
119 141
119 143
119 144
119 146
119 151
119 158
119 159
119 165
119 167
119 170
119 173
119 174
119 179
119 183
119 184
119 189
119 190
119 191
119 193
120 122
120 124
120 126
120 129
120 135
120 140
120 145
120 146
120 148
120 155
120 156
120 158
120 159
120 160
120 163
120 172
120 176
120 179
120 196
121 126
121 130
121 135
121 136
121 142
121 143
121 145
121 147
121 148
121 151
121 154
121 156
121 159
121 163
121 169
121 170
121 171
121 172
121 175
121 178
121 179
121 184
121 196
122 123
122 132
122 135
122 155
122 157
122 160
122 162
122 165
122 167
122 168
122 169
122 174
122 175
122 178
122 180
122 199
123 131
123 132
123 143
123 150
123 155
123 158
123 162
123 163
123 166
123 171
123 174
123 182
123 186
123 190
123 192
123 196
123 198
123 199
124 130
124 135
124 136
124 138
124 139
124 144
124 153
124 154
124 155
124 158
124 160
124 167
124 169
124 174
124 179
124 188
124 197
124 199
125 128
125 133
125 134
125 137
125 142
125 153
125 155
125 156
125 163
125 166
125 167
125 171
125 173
125 174
125 177
125 182
125 184
125 193
125 197
125 198
126 128
126 133
126 139
126 142
126 146
126 148
126 151
126 155
126 156
126 157
126 172
126 173
126 175
126 178
126 184
126 194
126 195
126 196
127 129
127 132
127 135
127 138
127 139
127 141
127 147
127 152
127 154
127 157
127 161
127 165
127 166
127 169
127 171
127 172
127 176
127 179
127 184
127 185
127 187
127 193
127 196
127 197
128 134
128 139
128 141
128 149
128 150
128 157
128 159
128 160
128 167
128 169
128 173
128 176
128 177
128 178
128 190
128 193
128 194
128 195
128 197
129 130
129 132
129 133
129 138
129 140
129 151
129 153
129 154
129 157
129 158
129 168
129 169
129 171
129 174
129 183
129 184
129 189
129 190
129 197
130 132
130 140
130 142
130 145
130 146
130 148
130 150
130 153
130 158
130 163
130 164
130 170
130 174
130 176
130 177
130 184
130 185
130 194
130 199
131 139
131 142
131 145
131 152
131 154
131 156
131 160
131 172
131 177
131 179
131 180
131 181
131 182
131 185
131 191
131 193
131 197
132 149
132 150
132 158
132 165
132 166
132 167
132 173
132 174
132 176
132 178
132 179
132 185
132 188
132 189
132 195
133 134
133 142
133 143
133 146
133 151
133 155
133 156
133 163
133 168
133 174
133 177
133 182
133 184
133 186
133 196
133 198
134 137
134 142
134 144
134 146
134 148
134 150
134 159
134 161
134 168
134 169
134 171
134 173
134 176
134 177
134 180
134 187
134 189
134 192
134 195
134 198
134 199
135 139
135 141
135 148
135 153
135 161
135 164
135 165
135 167
135 172
135 175
135 181
135 194
135 196
135 199
136 138
136 140
136 151
136 155
136 160
136 171
136 178
136 182
136 184
136 190
136 194
136 196
137 139
137 140
137 147
137 150
137 157
137 164
137 169
137 170
137 173
137 174
137 175
137 181
137 186
137 189
137 192
137 194
137 195
138 141
138 143
138 145
138 146
138 148
138 151
138 153
138 156
138 157
138 160
138 164
138 165
138 167
138 169
138 172
138 175
138 177
138 179
138 180
138 190
138 193
138 199
139 151
139 154
139 158
139 168
139 171
139 176
139 186
140 153
140 157
140 161
140 164
140 165
140 171
140 187
140 190
140 196
140 199
141 147
141 148
141 149
141 155
141 161
141 165
141 170
141 171
141 176
141 178
141 189
141 194
141 195
142 151
142 161
142 171
142 172
142 173
142 175
142 176
142 188
142 195
143 144
143 149
143 150
143 154
143 161
143 162
143 171
143 177
143 183
143 196
144 146
144 151
144 153
144 158
144 161
144 165
144 170
144 174
144 176
144 181
144 182
144 183
144 187
144 195
145 153
145 155
145 157
145 159
145 162
145 165
145 169
145 170
145 173
145 195
145 198
146 147
146 157
146 159
146 161
146 163
146 164
146 166
146 174
146 180
146 182
146 183
146 186
146 188
146 190
146 191
146 193
146 197
147 151
147 153
147 160
147 162
147 169
147 170
147 171
147 179
147 181
147 190
148 150
148 154
148 156
148 157
148 159
148 161
148 170
148 174
148 187
148 188
149 151
149 152
149 161
149 165
149 167
149 170
149 178
149 181
149 183
149 187
149 194
149 196
149 199
150 154
150 160
150 168
150 177
150 178
150 183
150 190
150 191
150 194
150 198
150 199
151 152
151 156
151 158
151 160
151 164
151 182
151 190
152 158
152 161
152 165
152 171
152 172
152 174
152 178
152 184
152 185
152 188
152 189
152 191
152 193
152 195
152 199
153 155
153 156
153 157
153 167
153 168
153 169
153 170
153 171
153 175
153 178
153 179
153 182
153 184
153 187
153 188
154 156
154 162
154 164
154 170
154 179
154 180
154 181
154 184
154 187
154 188
154 192
154 193
154 195
154 197
154 199
155 157
155 158
155 164
155 165
155 168
155 169
155 171
155 176
155 182
155 185
155 187
155 194
155 195
156 163
156 166
156 167
156 168
156 176
156 179
156 184
156 185
156 188
156 197
157 161
157 162
157 165
157 166
157 168
157 170
157 173
157 174
157 175
157 176
157 183
157 194
158 162
158 164
158 169
158 170
158 171
158 175
158 176
158 194
159 163
159 164
159 172
159 181
159 182
159 184
159 186
159 187
159 193
159 199
160 163
160 165
160 168
160 171
160 175
160 178
160 181
160 183
160 185
160 186
160 190
160 191
160 193
160 196
160 197
161 166
161 167
161 168
161 176
161 180
161 184
161 193
162 164
162 172
162 174
162 177
162 183
162 185
162 186
162 194
162 198
163 166
163 172
163 176
163 177
163 178
163 183
163 188
163 191
163 193
163 194
163 199
164 165
164 167
164 170
164 173
164 175
164 179
164 192
164 193
164 196
165 173
165 178
165 186
165 187
165 188
165 193
165 194
165 196
165 199
166 170
166 174
166 176
166 182
166 193
167 193
167 194
167 196
167 199
168 174
168 175
168 185
168 193
168 199
169 173
169 179
169 181
169 185
169 192
169 193
170 173
170 185
170 191
170 197
171 178
171 179
171 184
171 185
171 191
171 193
171 198
172 175
172 190
172 196
173 178
173 179
173 186
173 187
173 188
173 190
173 191
173 192
174 178
174 183
174 187
174 190
174 192
174 195
174 197
174 198
174 199
175 179
175 180
175 184
175 188
175 189
175 190
175 192
175 193
176 178
176 183
176 185
176 186
176 187
176 188
176 189
176 194
176 196
177 183
177 184
177 189
177 190
177 195
177 196
177 198
178 191
178 192
178 196
178 198
178 199
179 186
180 187
180 190
180 194
180 196
180 197
180 199
181 183
181 184
181 187
181 192
181 196
181 198
182 185
182 187
182 197
182 199
183 187
183 191
183 196
183 199
184 187
184 188
184 190
184 191
184 197
185 188
185 193
185 199
186 189
186 197
186 198
187 189
187 192
187 196
188 195
188 196
188 199
189 191
189 192
189 194
189 199
190 192
190 195
190 197
190 198
191 197
192 194
192 195
192 196
192 198
192 199
193 195
194 197
195 198
195 199
196 197
196 199
197 198
