200
0 1
0 8
0 10
0 12
0 13
0 15
0 16
0 17
0 20
0 21
0 24
0 26
0 27
0 35
0 38
0 39
0 41
0 42
0 47
0 50
0 53
0 57
0 61
0 62
0 64
0 66
0 67
0 70
0 71
0 76
0 77
0 79
0 80
0 81
0 83
0 84
0 85
0 90
0 91
0 93
0 95
0 98
0 100
0 101
0 102
0 103
0 104
0 106
0 109
0 112
0 115
0 116
0 117
0 118
0 129
0 130
0 131
0 138
0 139
0 140
0 142
0 143
0 146
0 147
0 148
0 149
0 151
0 152
0 155
0 156
0 157
0 158
0 164
0 165
0 167
0 168
0 170
0 175
0 176
0 177
0 182
0 183
0 187
0 188
0 193
0 196
0 197
0 199
1 2
1 3
1 4
1 5
1 6
1 8
1 9
1 14
1 15
1 17
1 19
1 21
1 23
1 24
1 26
1 28
1 29
1 32
1 35
1 37
1 40
1 44
1 46
1 53
1 57
1 61
1 64
1 65
1 67
1 68
1 69
1 71
1 74
1 77
1 78
1 79
1 83
1 85
1 86
1 87
1 88
1 89
1 92
1 96
1 98
1 101
1 105
1 106
1 108
1 110
1 111
1 113
1 115
1 116
1 118
1 122
1 123
1 124
1 125
1 127
1 129
1 132
1 134
1 135
1 136
1 137
1 139
1 140
1 142
1 143
1 146
1 147
1 150
1 152
1 153
1 158
1 163
1 166
1 170
1 171
1 173
1 175
1 176
1 178
1 179
1 180
1 181
1 183
1 185
1 190
1 192
1 194
1 195
1 196
1 197
1 198
2 4
2 9
2 10
2 11
2 14
2 15
2 16
2 18
2 21
2 24
2 26
2 30
2 35
2 36
2 37
2 39
2 42
2 43
2 44
2 45
2 46
2 49
2 51
2 52
2 54
2 55
2 59
2 60
2 64
2 65
2 66
2 69
2 71
2 72
2 75
2 78
2 79
2 80
2 81
2 84
2 85
2 90
2 94
2 95
2 96
2 97
2 99
2 101
2 102
2 103
2 104
2 110
2 111
2 113
2 115
2 117
2 123
2 124
2 126
2 128
2 130
2 131
2 132
2 134
2 138
2 140
2 142
2 143
2 144
2 145
2 148
2 149
2 150
2 153
2 155
2 156
2 157
2 158
2 161
2 163
2 167
2 169
2 172
2 174
2 178
2 179
2 180
2 182
2 183
2 185
2 186
2 188
2 189
2 190
2 191
2 193
2 194
2 197
2 198
2 199
3 5
3 7
3 8
3 9
3 10
3 12
3 13
3 17
3 19
3 20
3 21
3 22
3 24
3 25
3 26
3 29
3 30
3 31
3 34
3 35
3 37
3 38
3 39
3 40
3 41
3 42
3 43
3 44
3 46
3 47
3 48
3 49
3 52
3 53
3 56
3 57
3 67
3 68
3 69
3 70
3 71
3 72
3 74
3 79
3 81
3 82
3 84
3 87
3 88
3 89
3 92
3 95
3 96
3 99
3 100
3 102
3 103
3 104
3 105
3 106
3 108
3 111
3 117
3 118
3 119
3 120
3 123
3 126
3 128
3 129
3 130
3 132
3 136
3 140
3 145
3 149
3 150
3 152
3 153
3 154
3 157
3 159
3 160
3 165
3 166
3 167
3 168
3 169
3 170
3 171
3 172
3 178
3 179
3 180
3 183
3 185
3 186
3 189
3 191
3 193
3 196
3 198
3 199
4 9
4 14
4 16
4 18
4 19
4 20
4 21
4 22
4 23
4 24
4 25
4 26
4 31
4 35
4 37
4 39
4 40
4 42
4 43
4 44
4 45
4 46
4 48
4 50
4 51
4 53
4 54
4 55
4 56
4 57
4 59
4 60
4 64
4 65
4 66
4 68
4 69
4 70
4 71
4 76
4 84
4 85
4 86
4 87
4 88
4 89
4 91
4 92
4 93
4 95
4 96
4 99
4 101
4 102
4 103
4 104
4 106
4 109
4 113
4 116
4 117
4 120
4 122
4 123
4 125
4 126
4 127
4 129
4 130
4 131
4 133
4 134
4 137
4 139
4 140
4 143
4 144
4 145
4 146
4 149
4 150
4 151
4 152
4 154
4 156
4 157
4 159
4 160
4 161
4 163
4 165
4 166
4 168
4 171
4 177
4 180
4 182
4 184
4 187
4 191
4 192
4 194
4 195
4 198
4 199
5 7
5 10
5 13
5 14
5 16
5 19
5 20
5 21
5 24
5 25
5 27
5 30
5 31
5 35
5 37
5 39
5 45
5 47
5 48
5 49
5 53
5 57
5 58
5 60
5 63
5 65
5 66
5 68
5 69
5 70
5 72
5 76
5 79
5 80
5 81
5 87
5 89
5 90
5 95
5 98
5 99
5 100
5 101
5 103
5 104
5 105
5 108
5 113
5 114
5 115
5 116
5 118
5 119
5 121
5 122
5 123
5 126
5 127
5 128
5 130
5 132
5 134
5 136
5 137
5 139
5 145
5 147
5 148
5 149
5 151
5 154
5 161
5 162
5 165
5 166
5 167
5 169
5 170
5 176
5 177
5 180
5 181
5 183
5 184
5 185
5 188
5 193
5 194
5 196
5 198
6 7
6 9
6 10
6 12
6 13
6 14
6 17
6 20
6 22
6 24
6 27
6 30
6 31
6 35
6 37
6 38
6 39
6 40
6 46
6 47
6 48
6 52
6 53
6 54
6 55
6 57
6 58
6 59
6 64
6 67
6 68
6 74
6 75
6 79
6 81
6 82
6 84
6 85
6 86
6 87
6 89
6 92
6 95
6 97
6 99
6 101
6 102
6 103
6 104
6 105
6 107
6 108
6 109
6 111
6 113
6 114
6 115
6 117
6 118
6 119
6 120
6 121
6 123
6 126
6 128
6 131
6 132
6 133
6 134
6 139
6 140
6 142
6 148
6 154
6 155
6 156
6 158
6 159
6 160
6 162
6 163
6 165
6 166
6 167
6 168
6 169
6 170
6 174
6 176
6 178
6 183
6 188
6 189
6 190
6 191
6 194
6 196
6 197
7 8
7 9
7 10
7 11
7 13
7 14
7 16
7 20
7 25
7 27
7 29
7 31
7 34
7 36
7 39
7 42
7 44
7 50
7 54
7 55
7 56
7 58
7 61
7 63
7 64
7 67
7 68
7 71
7 72
7 73
7 74
7 76
7 77
7 79
7 80
7 81
7 82
7 84
7 85
7 86
7 91
7 92
7 96
7 97
7 99
7 100
7 101
7 103
7 104
7 106
7 107
7 109
7 111
7 113
7 115
7 116
7 120
7 126
7 131
7 132
7 134
7 135
7 136
7 140
7 141
7 144
7 146
7 148
7 151
7 153
7 155
7 156
7 157
7 159
7 163
7 164
7 165
7 166
7 170
7 173
7 176
7 178
7 179
7 180
7 181
7 183
7 186
7 189
7 190
7 194
7 195
7 196
7 197
7 198
7 199
8 10
8 11
8 15
8 16
8 18
8 19
8 21
8 24
8 34
8 35
8 40
8 41
8 42
8 46
8 47
8 48
8 51
8 55
8 58
8 59
8 60
8 61
8 64
8 68
8 70
8 71
8 74
8 75
8 76
8 77
8 78
8 85
8 86
8 87
8 88
8 89
8 91
8 92
8 93
8 94
8 95
8 97
8 99
8 101
8 103
8 105
8 108
8 109
8 113
8 114
8 117
8 121
8 123
8 124
8 125
8 127
8 128
8 130
8 131
8 135
8 137
8 138
8 139
8 149
8 153
8 154
8 156
8 157
8 159
8 161
8 162
8 164
8 165
8 167
8 170
8 173
8 174
8 175
8 176
8 177
8 178
8 180
8 181
8 182
8 183
8 184
8 191
8 192
8 193
8 194
8 198
9 12
9 13
9 18
9 19
9 21
9 23
9 24
9 28
9 31
9 32
9 36
9 37
9 38
9 40
9 42
9 43
9 45
9 48
9 50
9 51
9 52
9 53
9 54
9 56
9 59
9 61
9 68
9 70
9 71
9 75
9 76
9 79
9 82
9 83
9 84
9 87
9 88
9 89
9 93
9 94
9 99
9 101
9 102
9 108
9 110
9 111
9 115
9 121
9 122
9 124
9 126
9 127
9 128
9 129
9 130
9 132
9 133
9 134
9 135
9 136
9 137
9 139
9 140
9 143
9 146
9 148
9 150
9 151
9 159
9 161
9 162
9 163
9 171
9 173
9 174
9 176
9 177
9 180
9 181
9 184
9 185
9 188
9 190
9 194
9 196
9 197
10 14
10 17
10 20
10 21
10 23
10 25
10 28
10 29
10 30
10 31
10 34
10 37
10 39
10 40
10 47
10 48
10 49
10 50
10 52
10 61
10 65
10 68
10 69
10 71
10 74
10 77
10 80
10 81
10 83
10 85
10 86
10 87
10 88
10 89
10 91
10 92
10 94
10 95
10 97
10 98
10 99
10 100
10 104
10 108
10 109
10 110
10 112
10 114
10 117
10 118
10 119
10 126
10 129
10 131
10 135
10 136
10 137
10 138
10 140
10 141
10 143
10 144
10 148
10 149
10 151
10 153
10 154
10 158
10 160
10 163
10 164
10 168
10 169
10 170
10 171
10 173
10 174
10 175
10 176
10 177
10 178
10 182
10 185
10 188
10 196
10 197
10 199
11 12
11 13
11 14
11 15
11 16
11 17
11 18
11 21
11 24
11 26
11 27
11 28
11 29
11 30
11 33
11 34
11 35
11 41
11 45
11 46
11 47
11 50
11 51
11 54
11 57
11 58
11 60
11 61
11 62
11 63
11 65
11 68
11 70
11 73
11 75
11 77
11 80
11 81
11 85
11 86
11 91
11 93
11 94
11 96
11 97
11 98
11 100
11 101
11 102
11 104
11 106
11 107
11 108
11 109
11 112
11 113
11 115
11 116
11 120
11 122
11 126
11 127
11 130
11 132
11 134
11 135
11 138
11 140
11 142
11 144
11 147
11 148
11 150
11 156
11 157
11 158
11 159
11 160
11 163
11 165
11 168
11 169
11 171
11 172
11 174
11 175
11 178
11 179
11 183
11 184
11 192
11 193
11 195
11 196
11 197
11 198
11 199
12 15
12 17
12 20
12 21
12 22
12 26
12 27
12 28
12 31
12 33
12 41
12 42
12 43
12 45
12 47
12 49
12 54
12 55
12 56
12 63
12 64
12 65
12 66
12 67
12 69
12 70
12 71
12 73
12 74
12 77
12 78
12 79
12 82
12 83
12 84
12 86
12 87
12 88
12 90
12 92
12 96
12 97
12 98
12 102
12 103
12 107
12 109
12 110
12 111
12 112
12 113
12 114
12 115
12 116
12 117
12 118
12 121
12 123
12 124
12 125
12 126
12 127
12 131
12 132
12 134
12 136
12 139
12 140
12 142
12 143
12 144
12 145
12 147
12 150
12 151
12 154
12 155
12 156
12 157
12 160
12 161
12 163
12 164
12 165
12 167
12 168
12 169
12 171
12 173
12 174
12 175
12 176
12 177
12 179
12 180
12 182
12 184
12 186
12 192
12 195
12 196
13 14
13 15
13 16
13 17
13 20
13 28
13 30
13 33
13 35
13 37
13 39
13 40
13 41
13 42
13 44
13 45
13 46
13 47
13 51
13 54
13 56
13 57
13 59
13 60
13 63
13 67
13 68
13 70
13 71
13 73
13 76
13 77
13 78
13 79
13 81
13 82
13 83
13 84
13 86
13 88
13 89
13 90
13 91
13 93
13 94
13 96
13 98
13 99
13 103
13 104
13 108
13 109
13 112
13 116
13 117
13 118
13 120
13 121
13 122
13 124
13 126
13 128
13 129
13 131
13 132
13 133
13 134
13 135
13 137
13 144
13 145
13 146
13 147
13 148
13 149
13 150
13 151
13 153
13 156
13 160
13 163
13 164
13 166
13 167
13 168
13 170
13 177
13 178
13 190
13 191
13 194
14 17
14 18
14 20
14 22
14 25
14 29
14 30
14 31
14 40
14 42
14 43
14 44
14 48
14 49
14 51
14 53
14 54
14 55
14 56
14 58
14 61
14 62
14 63
14 65
14 66
14 67
14 69
14 73
14 77
14 83
14 85
14 88
14 90
14 91
14 92
14 93
14 97
14 98
14 104
14 105
14 109
14 110
14 112
14 117
14 118
14 120
14 121
14 123
14 124
14 129
14 130
14 132
14 134
14 141
14 143
14 145
14 149
14 151
14 152
14 153
14 154
14 155
14 158
14 164
14 166
14 170
14 173
14 175
14 177
14 180
14 183
14 184
14 185
14 188
14 190
14 192
14 194
14 195
14 196
15 19
15 21
15 23
15 25
15 26
15 28
15 29
15 31
15 32
15 33
15 34
15 35
15 36
15 37
15 38
15 43
15 44
15 46
15 48
15 49
15 50
15 51
15 52
15 53
15 56
15 57
15 60
15 61
15 63
15 65
15 66
15 67
15 68
15 71
15 73
15 77
15 78
15 79
15 82
15 83
15 86
15 87
15 90
15 91
15 93
15 96
15 97
15 98
15 99
15 100
15 101
15 103
15 104
15 107
15 108
15 110
15 112
15 117
15 118
15 119
15 123
15 124
15 129
15 131
15 132
15 134
15 138
15 142
15 143
15 146
15 147
15 148
15 150
15 154
15 156
15 159
15 163
15 164
15 166
15 167
15 168
15 171
15 173
15 175
15 176
15 177
15 179
15 180
15 181
15 182
15 183
15 185
15 187
15 188
15 190
15 191
15 192
15 198
15 199
16 18
16 19
16 20
16 22
16 25
16 26
16 27
16 28
16 31
16 33
16 34
16 40
16 43
16 46
16 49
16 50
16 51
16 54
16 55
16 57
16 58
16 59
16 61
16 62
16 67
16 68
16 71
16 72
16 73
16 74
16 75
16 76
16 77
16 79
16 82
16 84
16 91
16 95
16 96
16 97
16 98
16 100
16 101
16 104
16 105
16 106
16 110
16 111
16 113
16 114
16 115
16 116
16 118
16 123
16 124
16 126
16 129
16 131
16 132
16 134
16 135
16 137
16 141
16 148
16 149
16 152
16 154
16 156
16 158
16 159
16 160
16 162
16 163
16 169
16 171
16 173
16 175
16 177
16 180
16 186
16 189
16 191
16 192
16 194
17 18
17 19
17 21
17 22
17 23
17 25
17 32
17 33
17 34
17 35
17 36
17 37
17 38
17 39
17 40
17 41
17 42
17 43
17 45
17 46
17 47
17 48
17 49
17 50
17 51
17 53
17 55
17 56
17 57
17 58
17 69
17 70
17 72
17 74
17 75
17 76
17 79
17 80
17 82
17 84
17 86
17 88
17 89
17 90
17 91
17 92
17 94
17 97
17 98
17 99
17 102
17 103
17 105
17 107
17 108
17 112
17 114
17 117
17 119
17 120
17 122
17 124
17 125
17 126
17 127
17 128
17 130
17 132
17 133
17 137
17 138
17 139
17 141
17 142
17 146
17 147
17 148
17 150
17 153
17 157
17 158
17 159
17 160
17 163
17 165
17 167
17 170
17 171
17 176
17 177
17 179
17 180
17 182
17 183
17 184
17 185
17 186
17 192
17 193
17 197
17 198
18 24
18 25
18 30
18 31
18 32
18 33
18 34
18 36
18 37
18 38
18 45
18 47
18 50
18 53
18 54
18 55
18 56
18 58
18 60
18 63
18 70
18 73
18 76
18 77
18 78
18 79
18 80
18 85
18 86
18 87
18 88
18 92
18 94
18 96
18 97
18 99
18 101
18 103
18 104
18 105
18 107
18 109
18 111
18 113
18 114
18 119
18 120
18 124
18 125
18 126
18 127
18 128
18 130
18 133
18 134
18 140
18 143
18 145
18 146
18 150
18 152
18 153
18 154
18 155
18 159
18 163
18 167
18 169
18 170
18 172
18 173
18 175
18 178
18 182
18 183
18 184
18 185
18 186
18 187
18 188
18 189
18 190
18 191
18 192
18 194
18 195
18 197
19 20
19 25
19 26
19 27
19 28
19 29
19 34
19 35
19 37
19 39
19 43
19 44
19 46
19 47
19 49
19 51
19 53
19 54
19 55
19 56
19 60
19 61
19 63
19 64
19 65
19 68
19 70
19 72
19 75
19 79
19 81
19 83
19 84
19 85
19 89
19 91
19 95
19 96
19 100
19 102
19 103
19 104
19 105
19 107
19 108
19 113
19 114
19 116
19 117
19 121
19 123
19 124
19 126
19 127
19 128
19 129
19 130
19 131
19 132
19 134
19 135
19 138
19 139
19 141
19 142
19 144
19 146
19 154
19 155
19 156
19 159
19 160
19 161
19 162
19 163
19 165
19 169
19 171
19 175
19 177
19 178
19 183
19 185
19 187
19 190
19 191
19 192
19 194
19 196
20 21
20 22
20 26
20 27
20 28
20 30
20 32
20 35
20 39
20 40
20 43
20 44
20 45
20 46
20 47
20 50
20 52
20 53
20 55
20 58
20 59
20 60
20 64
20 66
20 68
20 71
20 72
20 73
20 74
20 75
20 77
20 80
20 81
20 83
20 86
20 87
20 88
20 91
20 93
20 94
20 101
20 103
20 104
20 105
20 111
20 114
20 116
20 117
20 122
20 124
20 125
20 128
20 131
20 133
20 143
20 144
20 146
20 156
20 157
20 159
20 160
20 164
20 167
20 168
20 169
20 172
20 173
20 174
20 175
20 179
20 180
20 181
20 182
20 185
20 187
20 190
20 192
20 194
20 195
20 196
20 198
20 199
21 24
21 25
21 28
21 29
21 34
21 37
21 38
21 39
21 41
21 43
21 44
21 46
21 48
21 51
21 54
21 55
21 57
21 58
21 59
21 61
21 63
21 64
21 67
21 68
21 75
21 76
21 77
21 80
21 81
21 84
21 86
21 87
21 89
21 91
21 92
21 96
21 98
21 100
21 101
21 103
21 104
21 107
21 108
21 110
21 112
21 113
21 114
21 115
21 116
21 118
21 119
21 122
21 123
21 125
21 126
21 127
21 129
21 130
21 133
21 134
21 135
21 138
21 139
21 140
21 141
21 142
21 146
21 150
21 153
21 154
21 158
21 159
21 161
21 163
21 164
21 166
21 167
21 169
21 170
21 174
21 176
21 178
21 182
21 185
21 186
21 188
21 189
21 190
21 192
21 193
21 195
21 196
21 197
21 198
22 25
22 28
22 29
22 30
22 31
22 34
22 35
22 36
22 37
22 40
22 42
22 43
22 44
22 45
22 46
22 47
22 49
22 50
22 51
22 52
22 53
22 54
22 58
22 59
22 61
22 62
22 63
22 66
22 67
22 70
22 72
22 73
22 74
22 78
22 79
22 80
22 81
22 82
22 89
22 90
22 92
22 93
22 94
22 95
22 97
22 98
22 100
22 101
22 105
22 106
22 108
22 109
22 110
22 116
22 117
22 119
22 121
22 124
22 125
22 126
22 127
22 128
22 129
22 130
22 131
22 137
22 138
22 139
22 145
22 146
22 148
22 150
22 151
22 152
22 154
22 157
22 158
22 159
22 161
22 162
22 163
22 165
22 166
22 168
22 173
22 175
22 182
22 183
22 184
22 185
22 186
22 189
22 191
22 192
22 196
22 199
23 25
23 26
23 27
23 28
23 29
23 31
23 32
23 34
23 35
23 37
23 39
23 41
23 43
23 45
23 46
23 47
23 52
23 53
23 55
23 56
23 57
23 58
23 59
23 60
23 61
23 64
23 65
23 67
23 68
23 72
23 76
23 77
23 78
23 83
23 85
23 88
23 89
23 90
23 91
23 92
23 95
23 98
23 100
23 102
23 108
23 109
23 112
23 115
23 119
23 121
23 122
23 123
23 124
23 125
23 126
23 127
23 128
23 130
23 131
23 132
23 133
23 134
23 135
23 136
23 137
23 138
23 139
23 140
23 145
23 146
23 148
23 149
23 153
23 155
23 156
23 159
23 160
23 161
23 162
23 165
23 166
23 167
23 168
23 169
23 170
23 171
23 177
23 179
23 183
23 184
23 185
23 187
23 190
23 191
23 192
23 193
23 196
23 198
23 199
24 25
24 26
24 29
24 31
24 34
24 36
24 37
24 38
24 39
24 41
24 44
24 47
24 51
24 53
24 54
24 55
24 56
24 61
24 67
24 68
24 69
24 72
24 73
24 76
24 78
24 79
24 80
24 81
24 82
24 84
24 85
24 86
24 87
24 89
24 90
24 92
24 93
24 94
24 95
24 96
24 97
24 99
24 100
24 102
24 103
24 104
24 105
24 107
24 109
24 110
24 115
24 116
24 118
24 123
24 124
24 125
24 126
24 128
24 129
24 130
24 131
24 134
24 135
24 137
24 139
24 142
24 149
24 150
24 151
24 154
24 155
24 164
24 167
24 168
24 173
24 174
24 176
24 177
24 179
24 180
24 184
24 185
24 192
24 196
24 198
24 199
25 26
25 31
25 32
25 33
25 34
25 36
25 37
25 38
25 39
25 40
25 42
25 43
25 47
25 48
25 50
25 51
25 53
25 54
25 57
25 58
25 61
25 62
25 64
25 66
25 67
25 69
25 70
25 71
25 73
25 74
25 78
25 79
25 80
25 82
25 87
25 88
25 89
25 90
25 91
25 92
25 94
25 95
25 98
25 101
25 102
25 103
25 104
25 108
25 109
25 110
25 112
25 113
25 114
25 117
25 119
25 120
25 123
25 125
25 128
25 130
25 133
25 134
25 135
25 138
25 139
25 141
25 142
25 143
25 145
25 149
25 150
25 152
25 154
25 156
25 158
25 159
25 160
25 162
25 163
25 166
25 167
25 168
25 169
25 171
25 172
25 176
25 177
25 181
25 182
25 183
25 185
25 187
25 190
25 194
25 197
25 199
26 27
26 28
26 29
26 30
26 31
26 32
26 33
26 42
26 44
26 48
26 49
26 50
26 51
26 52
26 53
26 55
26 57
26 58
26 59
26 62
26 63
26 64
26 66
26 69
26 71
26 72
26 77
26 78
26 79
26 84
26 86
26 89
26 90
26 91
26 94
26 95
26 104
26 106
26 108
26 111
26 116
26 117
26 118
26 120
26 122
26 123
26 126
26 127
26 130
26 137
26 138
26 139
26 140
26 141
26 142
26 145
26 148
26 159
26 160
26 163
26 166
26 167
26 169
26 170
26 175
26 176
26 177
26 178
26 179
26 180
26 181
26 185
26 186
26 187
26 188
26 192
26 193
26 194
26 196
26 198
26 199
27 29
27 30
27 32
27 33
27 35
27 36
27 38
27 40
27 42
27 43
27 44
27 46
27 47
27 48
27 49
27 50
27 54
27 55
27 57
27 60
27 61
27 63
27 64
27 65
27 66
27 67
27 71
27 72
27 80
27 82
27 83
27 84
27 85
27 86
27 88
27 92
27 94
27 95
27 96
27 97
27 100
27 104
27 105
27 108
27 110
27 111
27 114
27 122
27 123
27 124
27 125
27 126
27 132
27 133
27 134
27 135
27 139
27 140
27 142
27 146
27 149
27 150
27 151
27 156
27 157
27 158
27 162
27 163
27 164
27 165
27 166
27 168
27 169
27 171
27 173
27 175
27 176
27 177
27 184
27 187
27 188
27 190
27 191
27 192
27 198
27 199
28 29
28 31
28 33
28 34
28 35
28 40
28 41
28 43
28 44
28 46
28 49
28 52
28 53
28 56
28 57
28 59
28 60
28 61
28 62
28 66
28 70
28 71
28 73
28 74
28 75
28 78
28 80
28 81
28 83
28 84
28 85
28 86
28 89
28 90
28 92
28 93
28 95
28 98
28 100
28 104
28 106
28 108
28 109
28 110
28 111
28 112
28 113
28 115
28 116
28 125
28 126
28 127
28 128
28 129
28 135
28 136
28 137
28 143
28 144
28 145
28 147
28 149
28 152
28 153
28 155
28 156
28 158
28 159
28 162
28 167
28 171
28 174
28 176
28 178
28 182
28 183
28 184
28 189
28 190
28 193
28 194
28 195
28 196
28 198
29 30
29 31
29 33
29 34
29 39
29 43
29 47
29 52
29 53
29 54
29 55
29 56
29 57
29 62
29 65
29 68
29 70
29 72
29 76
29 81
29 82
29 84
29 89
29 90
29 91
29 93
29 94
29 95
29 97
29 99
29 104
29 105
29 107
29 111
29 113
29 115
29 116
29 117
29 118
29 120
29 122
29 123
29 125
29 126
29 127
29 130
29 131
29 133
29 135
29 138
29 141
29 142
29 144
29 145
29 147
29 148
29 153
29 154
29 155
29 160
29 161
29 164
29 167
29 169
29 172
29 174
29 180
29 184
29 186
29 189
29 190
29 192
29 195
30 31
30 34
30 35
30 36
30 37
30 39
30 42
30 46
30 48
30 52
30 53
30 56
30 59
30 60
30 63
30 64
30 71
30 74
30 75
30 78
30 81
30 83
30 84
30 85
30 87
30 89
30 91
30 95
30 97
30 99
30 101
30 104
30 107
30 108
30 110
30 111
30 112
30 113
30 114
30 116
30 118
30 119
30 120
30 121
30 122
30 123
30 124
30 127
30 136
30 137
30 140
30 141
30 142
30 143
30 144
30 145
30 147
30 152
30 154
30 155
30 157
30 158
30 160
30 161
30 163
30 164
30 168
30 170
30 172
30 173
30 177
30 180
30 183
30 184
30 185
30 186
30 191
30 192
30 193
30 194
30 195
31 32
31 33
31 35
31 37
31 41
31 43
31 45
31 46
31 48
31 49
31 51
31 55
31 56
31 60
31 62
31 64
31 66
31 67
31 68
31 69
31 70
31 73
31 75
31 80
31 84
31 86
31 88
31 89
31 90
31 91
31 92
31 93
31 97
31 99
31 100
31 102
31 104
31 105
31 108
31 112
31 113
31 115
31 116
31 117
31 121
31 122
31 123
31 128
31 130
31 131
31 133
31 134
31 135
31 138
31 140
31 142
31 143
31 144
31 147
31 151
31 153
31 155
31 157
31 158
31 161
31 162
31 163
31 168
31 169
31 170
31 173
31 176
31 178
31 180
31 183
31 185
31 186
31 187
31 190
31 191
31 194
31 195
31 196
32 33
32 38
32 42
32 44
32 46
32 47
32 49
32 52
32 54
32 55
32 58
32 59
32 60
32 63
32 65
32 68
32 70
32 76
32 77
32 79
32 80
32 81
32 82
32 83
32 84
32 86
32 88
32 89
32 90
32 93
32 94
32 96
32 97
32 99
32 100
32 101
32 102
32 103
32 108
32 109
32 110
32 111
32 112
32 115
32 116
32 123
32 124
32 126
32 130
32 131
32 133
32 135
32 136
32 137
32 138
32 139
32 141
32 142
32 143
32 144
32 147
32 148
32 150
32 151
32 152
32 153
32 154
32 155
32 158
32 159
32 162
32 166
32 167
32 171
32 172
32 173
32 174
32 180
32 181
32 182
32 183
32 185
32 187
32 188
32 191
32 192
32 193
33 34
33 39
33 42
33 45
33 48
33 50
33 51
33 52
33 57
33 58
33 66
33 68
33 69
33 70
33 73
33 75
33 76
33 77
33 79
33 80
33 82
33 83
33 84
33 85
33 86
33 90
33 92
33 93
33 95
33 99
33 100
33 105
33 107
33 108
33 109
33 110
33 114
33 116
33 117
33 119
33 123
33 124
33 125
33 127
33 128
33 129
33 130
33 131
33 132
33 134
33 137
33 142
33 146
33 147
33 149
33 150
33 151
33 153
33 154
33 155
33 157
33 158
33 159
33 160
33 162
33 163
33 164
33 166
33 167
33 168
33 173
33 174
33 175
33 177
33 178
33 181
33 183
33 185
33 187
33 189
33 191
33 192
33 194
33 196
33 197
34 35
34 38
34 40
34 46
34 49
34 50
34 52
34 53
34 55
34 56
34 57
34 58
34 59
34 62
34 63
34 64
34 65
34 68
34 73
34 75
34 76
34 81
34 86
34 90
34 91
34 97
34 99
34 104
34 106
34 108
34 109
34 111
34 121
34 122
34 124
34 125
34 127
34 129
34 131
34 132
34 134
34 136
34 140
34 141
34 143
34 144
34 145
34 146
34 147
34 149
34 151
34 154
34 156
34 157
34 158
34 160
34 162
34 164
34 166
34 169
34 170
34 172
34 173
34 177
34 179
34 180
34 183
34 184
34 185
34 189
34 190
34 191
34 194
34 195
34 197
35 36
35 39
35 41
35 43
35 44
35 48
35 50
35 51
35 52
35 55
35 56
35 61
35 63
35 65
35 66
35 67
35 68
35 70
35 75
35 77
35 79
35 80
35 82
35 86
35 87
35 88
35 91
35 95
35 96
35 97
35 98
35 103
35 105
35 107
35 108
35 110
35 111
35 113
35 114
35 117
35 118
35 121
35 125
35 126
35 130
35 131
35 132
35 134
35 136
35 140
35 141
35 142
35 144
35 145
35 146
35 147
35 148
35 151
35 152
35 153
35 154
35 160
35 162
35 163
35 165
35 166
35 169
35 171
35 173
35 174
35 176
35 177
35 178
35 179
35 180
35 181
35 185
35 187
35 192
35 193
35 197
35 198
35 199
36 37
36 41
36 43
36 45
36 47
36 48
36 49
36 52
36 53
36 56
36 60
36 61
36 65
36 66
36 67
36 70
36 73
36 75
36 77
36 78
36 79
36 81
36 82
36 83
36 87
36 88
36 89
36 91
36 93
36 96
36 98
36 99
36 100
36 101
36 102
36 104
36 106
36 107
36 108
36 110
36 112
36 114
36 117
36 124
36 126
36 129
36 130
36 131
36 137
36 139
36 140
36 141
36 146
36 147
36 149
36 152
36 153
36 154
36 155
36 157
36 158
36 159
36 160
36 161
36 163
36 166
36 168
36 170
36 171
36 172
36 173
36 179
36 181
36 182
36 183
36 184
36 189
36 194
36 197
37 39
37 40
37 46
37 48
37 50
37 52
37 54
37 57
37 58
37 60
37 62
37 67
37 68
37 69
37 74
37 75
37 77
37 81
37 82
37 84
37 85
37 87
37 89
37 90
37 91
37 92
37 93
37 95
37 97
37 106
37 108
37 109
37 111
37 113
37 114
37 117
37 118
37 119
37 120
37 121
37 122
37 123
37 124
37 126
37 128
37 129
37 130
37 132
37 134
37 136
37 138
37 140
37 141
37 142
37 146
37 148
37 156
37 159
37 160
37 161
37 164
37 165
37 172
37 176
37 177
37 178
37 179
37 180
37 183
37 185
37 186
37 187
37 188
37 189
37 190
37 192
37 193
37 194
37 195
37 197
38 40
38 41
38 43
38 45
38 46
38 47
38 49
38 50
38 54
38 57
38 58
38 61
38 62
38 63
38 64
38 65
38 67
38 68
38 69
38 71
38 72
38 74
38 75
38 76
38 78
38 79
38 81
38 82
38 83
38 85
38 86
38 90
38 91
38 92
38 94
38 95
38 96
38 97
38 98
38 99
38 101
38 102
38 103
38 104
38 106
38 107
38 111
38 113
38 118
38 122
38 124
38 126
38 127
38 128
38 129
38 130
38 132
38 133
38 135
38 140
38 141
38 142
38 147
38 148
38 149
38 151
38 152
38 154
38 155
38 156
38 158
38 159
38 162
38 167
38 168
38 175
38 176
38 177
38 184
38 185
38 187
38 188
38 191
38 194
38 196
38 197
38 199
39 42
39 43
39 45
39 49
39 50
39 51
39 53
39 54
39 67
39 68
39 72
39 73
39 76
39 77
39 78
39 85
39 87
39 88
39 91
39 93
39 94
39 95
39 96
39 97
39 98
39 99
39 100
39 101
39 102
39 104
39 106
39 108
39 114
39 115
39 118
39 122
39 125
39 126
39 127
39 128
39 129
39 132
39 133
39 134
39 135
39 136
39 140
39 141
39 143
39 144
39 145
39 148
39 150
39 155
39 156
39 158
39 159
39 161
39 162
39 165
39 168
39 170
39 172
39 177
39 179
39 180
39 181
39 183
39 184
39 185
39 186
39 188
39 193
39 196
39 197
39 199
40 43
40 46
40 47
40 49
40 52
40 53
40 54
40 55
40 56
40 57
40 61
40 62
40 64
40 66
40 67
40 68
40 70
40 73
40 75
40 76
40 77
40 78
40 79
40 81
40 82
40 83
40 84
40 88
40 90
40 92
40 94
40 96
40 97
40 98
40 100
40 101
40 102
40 103
40 104
40 105
40 107
40 108
40 120
40 123
40 126
40 127
40 131
40 132
40 134
40 135
40 137
40 139
40 147
40 154
40 155
40 156
40 157
40 158
40 160
40 163
40 164
40 169
40 174
40 176
40 177
40 178
40 180
40 182
40 184
40 185
40 187
40 189
40 190
40 191
40 192
40 193
40 195
40 199
41 42
41 46
41 48
41 49
41 50
41 52
41 54
41 56
41 61
41 62
41 66
41 67
41 70
41 71
41 74
41 78
41 81
41 83
41 84
41 85
41 86
41 87
41 88
41 89
41 92
41 93
41 95
41 97
41 98
41 99
41 104
41 106
41 107
41 109
41 110
41 112
41 114
41 117
41 118
41 119
41 124
41 127
41 129
41 132
41 133
41 134
41 136
41 139
41 141
41 145
41 147
41 148
41 149
41 151
41 152
41 154
41 155
41 159
41 161
41 162
41 166
41 168
41 170
41 173
41 174
41 177
41 178
41 181
41 182
41 183
41 185
41 187
41 191
41 193
41 194
41 196
41 199
42 43
42 45
42 47
42 49
42 50
42 51
42 53
42 54
42 55
42 60
42 62
42 63
42 64
42 66
42 68
42 70
42 71
42 73
42 74
42 75
42 77
42 78
42 83
42 84
42 85
42 86
42 87
42 90
42 91
42 92
42 94
42 95
42 96
42 97
42 98
42 99
42 101
42 103
42 105
42 106
42 109
42 110
42 113
42 114
42 116
42 117
42 120
42 121
42 122
42 123
42 125
42 128
42 130
42 131
42 132
42 134
42 135
42 140
42 141
42 142
42 143
42 144
42 146
42 147
42 149
42 152
42 155
42 157
42 160
42 161
42 163
42 164
42 178
42 184
42 185
42 187
42 188
42 189
42 192
42 193
42 194
42 195
42 197
42 198
43 44
43 45
43 46
43 47
43 50
43 51
43 52
43 53
43 54
43 55
43 57
43 58
43 60
43 61
43 62
43 66
43 67
43 70
43 72
43 73
43 75
43 76
43 78
43 80
43 82
43 86
43 87
43 88
43 90
43 92
43 100
43 101
43 103
43 106
43 112
43 113
43 114
43 116
43 118
43 119
43 120
43 122
43 124
43 125
43 126
43 128
43 129
43 130
43 134
43 136
43 137
43 138
43 139
43 142
43 143
43 145
43 146
43 150
43 151
43 155
43 156
43 160
43 163
43 164
43 165
43 166
43 167
43 168
43 170
43 171
43 172
43 173
43 174
43 175
43 178
43 184
43 186
43 187
43 188
43 189
43 190
43 192
43 194
43 195
43 196
44 45
44 47
44 48
44 49
44 50
44 54
44 57
44 58
44 61
44 63
44 64
44 66
44 68
44 70
44 73
44 74
44 77
44 78
44 82
44 85
44 86
44 87
44 93
44 94
44 96
44 98
44 99
44 100
44 103
44 104
44 108
44 110
44 111
44 115
44 116
44 117
44 119
44 121
44 122
44 123
44 124
44 132
44 135
44 138
44 139
44 140
44 141
44 144
44 145
44 146
44 147
44 148
44 149
44 150
44 152
44 155
44 157
44 160
44 161
44 162
44 163
44 166
44 167
44 168
44 169
44 170
44 172
44 173
44 174
44 176
44 177
44 179
44 182
44 186
44 189
44 193
44 194
44 195
44 196
44 197
44 198
44 199
45 51
45 56
45 59
45 60
45 61
45 62
45 64
45 65
45 66
45 68
45 69
45 71
45 76
45 80
45 82
45 83
45 84
45 87
45 91
45 92
45 93
45 94
45 95
45 96
45 98
45 99
45 100
45 102
45 103
45 107
45 108
45 109
45 110
45 112
45 113
45 115
45 117
45 120
45 122
45 123
45 126
45 127
45 128
45 129
45 131
45 133
45 138
45 140
45 141
45 143
45 144
45 148
45 149
45 151
45 152
45 153
45 156
45 158
45 159
45 161
45 162
45 163
45 166
45 169
45 171
45 172
45 179
45 181
45 183
45 184
45 185
45 189
45 190
45 194
45 196
45 197
45 198
46 48
46 50
46 53
46 55
46 56
46 57
46 60
46 61
46 63
46 64
46 65
46 68
46 69
46 70
46 71
46 74
46 76
46 78
46 80
46 82
46 83
46 84
46 86
46 89
46 94
46 95
46 96
46 97
46 99
46 101
46 102
46 103
46 105
46 107
46 109
46 110
46 111
46 114
46 120
46 122
46 124
46 126
46 127
46 130
46 131
46 132
46 133
46 134
46 135
46 136
46 138
46 141
46 143
46 144
46 145
46 146
46 147
46 149
46 151
46 155
46 157
46 158
46 161
46 163
46 165
46 166
46 167
46 169
46 170
46 173
46 174
46 175
46 177
46 178
46 180
46 181
46 182
46 183
46 184
46 185
46 186
46 190
46 191
46 194
46 195
46 197
46 199
47 48
47 50
47 52
47 56
47 59
47 60
47 62
47 63
47 66
47 69
47 72
47 73
47 75
47 76
47 80
47 82
47 84
47 85
47 90
47 92
47 93
47 94
47 95
47 98
47 100
47 102
47 104
47 107
47 109
47 110
47 113
47 115
47 117
47 118
47 119
47 120
47 122
47 123
47 124
47 126
47 128
47 129
47 130
47 131
47 133
47 134
47 135
47 139
47 142
47 149
47 150
47 151
47 152
47 155
47 157
47 158
47 159
47 160
47 161
47 165
47 168
47 169
47 170
47 171
47 174
47 175
47 178
47 179
47 181
47 185
47 186
47 187
47 190
47 192
47 193
47 197
48 50
48 51
48 54
48 55
48 56
48 57
48 58
48 60
48 62
48 66
48 67
48 68
48 72
48 74
48 75
48 77
48 78
48 79
48 80
48 81
48 83
48 84
48 86
48 87
48 88
48 90
48 98
48 99
48 101
48 103
48 104
48 105
48 106
48 108
48 109
48 110
48 111
48 114
48 115
48 119
48 122
48 123
48 125
48 126
48 127
48 128
48 130
48 133
48 135
48 136
48 137
48 138
48 139
48 142
48 143
48 146
48 147
48 148
48 150
48 151
48 153
48 154
48 155
48 156
48 157
48 158
48 160
48 161
48 162
48 164
48 165
48 166
48 167
48 172
48 176
48 179
48 181
48 185
48 187
48 188
48 189
48 191
48 192
48 193
48 194
48 196
48 198
48 199
49 50
49 52
49 55
49 57
49 63
49 64
49 66
49 68
49 69
49 70
49 71
49 73
49 75
49 76
49 77
49 83
49 86
49 87
49 91
49 92
49 94
49 95
49 96
49 97
49 99
49 103
49 105
49 107
49 111
49 112
49 113
49 114
49 115
49 117
49 118
49 119
49 120
49 121
49 125
49 127
49 129
49 131
49 132
49 134
49 136
49 137
49 138
49 139
49 143
49 144
49 145
49 146
49 149
49 152
49 155
49 156
49 158
49 160
49 162
49 163
49 164
49 165
49 166
49 167
49 168
49 169
49 173
49 178
49 180
49 181
49 183
49 185
49 186
49 192
50 53
50 55
50 60
50 63
50 64
50 66
50 67
50 69
50 72
50 73
50 74
50 78
50 80
50 83
50 86
50 87
50 92
50 93
50 96
50 97
50 99
50 100
50 103
50 104
50 105
50 107
50 109
50 110
50 112
50 117
50 120
50 122
50 125
50 127
50 128
50 129
50 130
50 131
50 132
50 133
50 134
50 136
50 141
50 144
50 146
50 147
50 151
50 152
50 155
50 161
50 162
50 166
50 167
50 169
50 170
50 171
50 173
50 174
50 175
50 177
50 179
50 180
50 183
50 189
50 190
50 197
50 198
51 53
51 56
51 59
51 61
51 62
51 67
51 69
51 70
51 71
51 72
51 74
51 76
51 77
51 79
51 80
51 82
51 83
51 85
51 88
51 89
51 92
51 94
51 96
51 98
51 103
51 105
51 109
51 110
51 111
51 112
51 113
51 114
51 115
51 116
51 118
51 119
51 120
51 123
51 125
51 129
51 132
51 134
51 137
51 140
51 141
51 142
51 143
51 144
51 150
51 152
51 155
51 156
51 158
51 159
51 161
51 162
51 164
51 166
51 168
51 169
51 170
51 171
51 172
51 173
51 174
51 177
51 178
51 180
51 183
51 184
51 186
51 191
51 192
51 194
51 196
52 53
52 54
52 61
52 62
52 66
52 67
52 69
52 70
52 73
52 74
52 78
52 79
52 80
52 84
52 86
52 88
52 89
52 91
52 92
52 94
52 95
52 96
52 97
52 98
52 100
52 102
52 103
52 106
52 109
52 110
52 111
52 115
52 117
52 118
52 119
52 121
52 122
52 124
52 126
52 127
52 131
52 132
52 133
52 135
52 136
52 137
52 138
52 139
52 141
52 142
52 144
52 148
52 149
52 150
52 151
52 156
52 157
52 159
52 160
52 164
52 165
52 166
52 167
52 169
52 171
52 172
52 173
52 176
52 177
52 178
52 179
52 180
52 183
52 184
52 185
52 193
52 194
52 195
53 54
53 55
53 60
53 64
53 65
53 66
53 69
53 70
53 71
53 72
53 74
53 76
53 79
53 80
53 81
53 85
53 86
53 88
53 89
53 90
53 92
53 93
53 97
53 98
53 100
53 103
53 104
53 105
53 110
53 111
53 112
53 114
53 115
53 116
53 121
53 124
53 127
53 131
53 132
53 134
53 135
53 136
53 138
53 140
53 141
53 144
53 145
53 147
53 148
53 149
53 150
53 151
53 152
53 153
53 154
53 156
53 159
53 161
53 162
53 163
53 165
53 167
53 169
53 170
53 171
53 172
53 176
53 177
53 179
53 183
53 184
53 185
53 186
53 187
53 189
53 194
53 199
54 56
54 57
54 65
54 66
54 69
54 70
54 71
54 72
54 76
54 79
54 82
54 87
54 90
54 95
54 96
54 97
54 98
54 102
54 105
54 106
54 109
54 113
54 120
54 124
54 128
54 129
54 131
54 132
54 133
54 135
54 136
54 138
54 140
54 143
54 150
54 151
54 153
54 156
54 157
54 159
54 161
54 163
54 165
54 166
54 167
54 168
54 169
54 170
54 171
54 172
54 173
54 174
54 175
54 176
54 177
54 180
54 182
54 183
54 188
54 189
54 191
54 194
54 195
54 196
54 198
54 199
55 56
55 57
55 60
55 63
55 65
55 66
55 69
55 73
55 74
55 75
55 76
55 80
55 81
55 82
55 85
55 86
55 87
55 88
55 89
55 91
55 92
55 94
55 95
55 97
55 101
55 105
55 106
55 109
55 111
55 112
55 116
55 118
55 120
55 122
55 123
55 124
55 125
55 127
55 128
55 129
55 131
55 133
55 136
55 137
55 138
55 139
55 142
55 145
55 152
55 153
55 154
55 156
55 157
55 159
55 162
55 163
55 164
55 165
55 167
55 169
55 174
55 179
55 181
55 185
55 187
55 188
55 190
55 195
55 197
55 198
56 59
56 62
56 64
56 67
56 69
56 71
56 72
56 76
56 77
56 78
56 79
56 81
56 82
56 85
56 86
56 87
56 88
56 92
56 93
56 95
56 96
56 97
56 98
56 99
56 101
56 102
56 108
56 109
56 110
56 113
56 115
56 116
56 117
56 119
56 122
56 124
56 125
56 126
56 127
56 128
56 129
56 131
56 134
56 135
56 137
56 140
56 141
56 142
56 144
56 145
56 150
56 151
56 152
56 153
56 156
56 158
56 164
56 165
56 167
56 168
56 169
56 170
56 171
56 173
56 174
56 177
56 178
56 180
56 182
56 185
56 190
56 194
56 195
56 196
56 197
56 198
57 58
57 62
57 63
57 67
57 72
57 73
57 78
57 80
57 84
57 85
57 86
57 91
57 93
57 94
57 96
57 99
57 101
57 103
57 106
57 107
57 109
57 111
57 114
57 115
57 118
57 119
57 122
57 123
57 124
57 125
57 128
57 129
57 131
57 134
57 135
57 139
57 140
57 141
57 143
57 145
57 146
57 148
57 149
57 150
57 152
57 154
57 156
57 159
57 161
57 162
57 163
57 164
57 165
57 167
57 168
57 170
57 172
57 174
57 177
57 179
57 183
57 185
57 187
57 189
57 192
57 193
57 194
57 195
57 197
58 59
58 61
58 62
58 69
58 70
58 71
58 73
58 76
58 78
58 82
58 84
58 85
58 86
58 87
58 88
58 89
58 94
58 96
58 97
58 100
58 105
58 106
58 108
58 110
58 112
58 122
58 124
58 129
58 130
58 131
58 132
58 133
58 136
58 138
58 139
58 141
58 144
58 146
58 149
58 153
58 154
58 156
58 157
58 158
58 161
58 162
58 163
58 164
58 167
58 171
58 175
58 176
58 177
58 184
58 185
58 188
58 191
58 192
58 194
58 196
58 199
59 60
59 62
59 63
59 65
59 66
59 67
59 69
59 72
59 73
59 74
59 80
59 82
59 84
59 88
59 91
59 93
59 96
59 97
59 99
59 101
59 102
59 103
59 104
59 105
59 106
59 107
59 111
59 113
59 114
59 117
59 119
59 121
59 122
59 123
59 124
59 126
59 127
59 130
59 132
59 133
59 136
59 138
59 139
59 140
59 142
59 143
59 144
59 146
59 147
59 149
59 150
59 151
59 152
59 155
59 156
59 159
59 161
59 162
59 164
59 166
59 167
59 168
59 169
59 170
59 172
59 173
59 176
59 177
59 178
59 179
59 181
59 184
59 186
59 188
59 189
59 190
59 191
59 196
59 197
60 62
60 63
60 66
60 68
60 70
60 72
60 73
60 76
60 77
60 78
60 83
60 87
60 88
60 89
60 91
60 92
60 95
60 97
60 98
60 104
60 106
60 107
60 108
60 110
60 112
60 114
60 116
60 118
60 121
60 122
60 123
60 128
60 130
60 131
60 133
60 136
60 137
60 138
60 139
60 140
60 141
60 142
60 143
60 145
60 148
60 150
60 153
60 160
60 164
60 165
60 167
60 172
60 174
60 175
60 177
60 180
60 181
60 183
60 187
60 190
60 191
60 192
60 195
60 196
60 199
61 63
61 65
61 68
61 71
61 72
61 74
61 75
61 77
61 78
61 79
61 80
61 81
61 82
61 83
61 88
61 93
61 94
61 95
61 96
61 98
61 99
61 100
61 101
61 105
61 109
61 110
61 111
61 116
61 117
61 122
61 128
61 130
61 131
61 134
61 137
61 138
61 139
61 140
61 142
61 143
61 144
61 149
61 150
61 152
61 154
61 160
61 161
61 163
61 164
61 166
61 167
61 168
61 170
61 171
61 173
61 174
61 177
61 178
61 179
61 183
61 184
61 185
61 186
61 187
61 194
61 195
62 63
62 64
62 65
62 66
62 68
62 69
62 71
62 74
62 76
62 79
62 80
62 82
62 85
62 86
62 90
62 98
62 100
62 102
62 103
62 104
62 105
62 106
62 107
62 111
62 113
62 114
62 115
62 120
62 121
62 123
62 124
62 128
62 129
62 133
62 134
62 135
62 136
62 138
62 139
62 140
62 146
62 147
62 148
62 149
62 150
62 151
62 152
62 153
62 154
62 156
62 157
62 158
62 159
62 161
62 162
62 163
62 166
62 167
62 170
62 176
62 178
62 181
62 183
62 184
62 187
62 188
62 189
62 192
62 194
62 195
62 196
62 197
62 198
62 199
63 64
63 65
63 66
63 68
63 70
63 71
63 72
63 76
63 80
63 81
63 83
63 85
63 89
63 91
63 93
63 95
63 97
63 98
63 100
63 103
63 104
63 105
63 107
63 109
63 112
63 113
63 114
63 115
63 117
63 118
63 130
63 131
63 132
63 140
63 144
63 146
63 147
63 152
63 153
63 154
63 158
63 160
63 161
63 165
63 166
63 168
63 170
63 172
63 173
63 177
63 181
63 184
63 185
63 186
63 188
63 191
63 192
63 194
63 195
63 199
64 65
64 66
64 67
64 69
64 70
64 72
64 73
64 74
64 80
64 81
64 82
64 84
64 88
64 91
64 92
64 94
64 96
64 97
64 98
64 99
64 102
64 103
64 104
64 105
64 106
64 107
64 118
64 119
64 121
64 122
64 123
64 124
64 125
64 126
64 127
64 131
64 134
64 135
64 136
64 139
64 143
64 145
64 146
64 149
64 152
64 153
64 155
64 159
64 160
64 162
64 165
64 167
64 168
64 169
64 171
64 173
64 175
64 176
64 179
64 180
64 182
64 183
64 184
64 188
64 189
64 191
64 195
64 197
64 198
65 70
65 71
65 75
65 78
65 80
65 81
65 86
65 87
65 88
65 89
65 90
65 92
65 93
65 94
65 98
65 99
65 100
65 103
65 104
65 107
65 109
65 110
65 111
65 112
65 116
65 117
65 118
65 119
65 122
65 123
65 124
65 125
65 128
65 130
65 131
65 132
65 134
65 136
65 139
65 140
65 142
65 144
65 147
65 148
65 150
65 153
65 155
65 157
65 158
65 159
65 161
65 162
65 167
65 168
65 169
65 170
65 171
65 173
65 174
65 176
65 178
65 183
65 184
65 189
65 190
65 191
65 192
65 196
66 67
66 70
66 73
66 74
66 75
66 76
66 78
66 79
66 84
66 89
66 90
66 92
66 96
66 98
66 103
66 106
66 107
66 108
66 109
66 110
66 111
66 114
66 115
66 117
66 119
66 120
66 123
66 125
66 127
66 130
66 134
66 135
66 138
66 139
66 140
66 142
66 143
66 148
66 151
66 153
66 154
66 155
66 157
66 163
66 165
66 167
66 169
66 170
66 172
66 173
66 175
66 177
66 178
66 179
66 185
66 187
66 189
66 190
66 191
66 194
66 199
67 68
67 69
67 71
67 76
67 79
67 80
67 84
67 86
67 88
67 91
67 92
67 93
67 94
67 97
67 98
67 99
67 100
67 101
67 103
67 108
67 110
67 117
67 118
67 119
67 121
67 126
67 128
67 131
67 135
67 137
67 138
67 140
67 141
67 143
67 144
67 148
67 151
67 152
67 156
67 157
67 159
67 160
67 161
67 164
67 167
67 172
67 178
67 180
67 182
67 184
67 187
67 188
67 192
67 193
68 69
68 70
68 71
68 75
68 80
68 82
68 83
68 84
68 89
68 92
68 95
68 96
68 98
68 101
68 104
68 107
68 108
68 109
68 114
68 119
68 120
68 121
68 124
68 126
68 128
68 129
68 130
68 131
68 133
68 134
68 135
68 139
68 142
68 143
68 144
68 149
68 150
68 155
68 157
68 161
68 162
68 164
68 165
68 166
68 168
68 169
68 170
68 171
68 176
68 177
68 178
68 179
68 181
68 185
68 187
68 188
68 190
68 193
68 194
68 196
68 199
69 70
69 72
69 73
69 74
69 75
69 76
69 79
69 80
69 81
69 82
69 86
69 87
69 88
69 89
69 93
69 94
69 95
69 97
69 98
69 99
69 103
69 104
69 105
69 106
69 107
69 108
69 109
69 116
69 117
69 118
69 121
69 123
69 124
69 125
69 126
69 127
69 128
69 129
69 132
69 133
69 134
69 139
69 141
69 144
69 146
69 147
69 148
69 156
69 157
69 162
69 164
69 166
69 167
69 169
69 170
69 171
69 177
69 180
69 183
69 184
69 185
69 186
69 187
69 188
69 190
69 191
69 195
69 198
70 71
70 72
70 73
70 74
70 75
70 76
70 79
70 80
70 81
70 83
70 85
70 86
70 87
70 88
70 89
70 90
70 95
70 99
70 100
70 107
70 109
70 113
70 114
70 115
70 116
70 120
70 121
70 125
70 126
70 130
70 135
70 137
70 138
70 139
70 140
70 142
70 144
70 146
70 152
70 153
70 154
70 155
70 156
70 158
70 159
70 162
70 163
70 164
70 165
70 167
70 170
70 173
70 174
70 176
70 177
70 180
70 182
70 184
70 186
70 188
70 193
70 194
70 195
70 197
70 199
71 76
71 78
71 79
71 80
71 81
71 82
71 85
71 87
71 88
71 93
71 94
71 95
71 99
71 101
71 102
71 103
71 107
71 108
71 109
71 110
71 113
71 114
71 115
71 116
71 117
71 118
71 122
71 123
71 127
71 128
71 129
71 131
71 132
71 144
71 145
71 146
71 150
71 151
71 152
71 157
71 159
71 160
71 161
71 164
71 165
71 168
71 170
71 174
71 176
71 178
71 179
71 180
71 182
71 185
71 191
71 192
72 73
72 75
72 76
72 77
72 78
72 80
72 84
72 85
72 91
72 93
72 94
72 95
72 96
72 97
72 98
72 99
72 101
72 102
72 103
72 104
72 105
72 106
72 109
72 110
72 115
72 116
72 119
72 120
72 121
72 123
72 125
72 127
72 133
72 136
72 137
72 138
72 144
72 145
72 146
72 148
72 149
72 156
72 157
72 161
72 162
72 164
72 166
72 168
72 169
72 171
72 175
72 177
72 178
72 181
72 186
72 187
72 188
72 189
72 191
72 192
72 195
72 199
73 74
73 75
73 77
73 79
73 83
73 84
73 87
73 89
73 91
73 92
73 93
73 96
73 97
73 98
73 100
73 101
73 103
73 104
73 107
73 112
73 114
73 115
73 117
73 119
73 120
73 122
73 123
73 124
73 125
73 126
73 127
73 128
73 131
73 132
73 135
73 141
73 142
73 144
73 145
73 150
73 151
73 153
73 154
73 155
73 156
73 158
73 161
73 162
73 165
73 166
73 168
73 170
73 172
73 173
73 174
73 176
73 179
73 181
73 184
73 186
73 187
73 188
73 189
73 190
73 191
73 192
73 193
73 194
73 195
73 197
74 76
74 80
74 81
74 85
74 87
74 89
74 90
74 91
74 93
74 94
74 95
74 98
74 99
74 101
74 102
74 103
74 108
74 109
74 111
74 112
74 114
74 116
74 117
74 118
74 119
74 126
74 127
74 129
74 133
74 134
74 135
74 136
74 146
74 147
74 148
74 149
74 154
74 155
74 161
74 162
74 163
74 164
74 166
74 167
74 169
74 170
74 172
74 174
74 175
74 177
74 178
74 179
74 181
74 183
74 184
74 185
74 187
74 188
74 191
74 192
74 195
74 197
74 198
75 78
75 81
75 84
75 87
75 88
75 89
75 94
75 95
75 100
75 104
75 107
75 109
75 110
75 112
75 115
75 116
75 118
75 120
75 121
75 122
75 123
75 124
75 126
75 127
75 129
75 132
75 133
75 134
75 138
75 139
75 140
75 142
75 143
75 144
75 145
75 148
75 150
75 151
75 155
75 157
75 158
75 159
75 161
75 163
75 164
75 166
75 167
75 168
75 169
75 175
75 176
75 177
75 180
75 181
75 183
75 184
75 185
75 186
75 188
75 191
75 194
75 196
75 199
76 77
76 81
76 84
76 90
76 93
76 94
76 95
76 96
76 98
76 99
76 101
76 108
76 111
76 112
76 114
76 115
76 116
76 117
76 118
76 121
76 124
76 128
76 129
76 130
76 131
76 132
76 134
76 137
76 138
76 140
76 143
76 144
76 148
76 153
76 155
76 157
76 158
76 159
76 161
76 162
76 168
76 170
76 172
76 174
76 180
76 181
76 182
76 183
76 185
76 189
76 190
76 191
76 192
76 193
76 195
76 197
77 81
77 85
77 86
77 87
77 88
77 90
77 92
77 93
77 96
77 97
77 99
77 101
77 102
77 103
77 104
77 105
77 106
77 108
77 109
77 110
77 113
77 114
77 115
77 116
77 120
77 121
77 122
77 123
77 124
77 129
77 130
77 133
77 134
77 138
77 139
77 143
77 144
77 146
77 150
77 151
77 155
77 158
77 161
77 162
77 164
77 166
77 168
77 172
77 173
77 176
77 178
77 182
77 183
77 184
77 186
77 187
77 188
77 190
77 195
77 197
77 198
77 199
78 80
78 82
78 84
78 85
78 87
78 88
78 89
78 91
78 93
78 94
78 97
78 100
78 101
78 102
78 103
78 104
78 105
78 106
78 110
78 111
78 112
78 114
78 118
78 119
78 123
78 124
78 125
78 129
78 130
78 131
78 132
78 133
78 134
78 135
78 137
78 139
78 140
78 142
78 143
78 144
78 145
78 148
78 150
78 152
78 154
78 163
78 165
78 166
78 167
78 168
78 170
78 172
78 173
78 174
78 177
78 178
78 179
78 180
78 181
78 182
78 184
78 187
78 188
78 189
78 190
78 197
78 198
78 199
79 80
79 82
79 85
79 87
79 91
79 94
79 95
79 96
79 97
79 100
79 102
79 104
79 105
79 106
79 108
79 112
79 114
79 117
79 118
79 121
79 122
79 123
79 126
79 129
79 130
79 132
79 133
79 134
79 136
79 141
79 143
79 144
79 146
79 147
79 148
79 149
79 150
79 151
79 152
79 153
79 156
79 157
79 158
79 159
79 160
79 161
79 163
79 164
79 166
79 169
79 174
79 175
79 176
79 177
79 180
79 181
79 185
79 190
79 193
79 194
79 197
79 198
79 199
80 82
80 83
80 84
80 88
80 89
80 91
80 93
80 97
80 98
80 99
80 100
80 101
80 105
80 108
80 109
80 110
80 113
80 114
80 115
80 117
80 119
80 120
80 124
80 125
80 126
80 130
80 133
80 134
80 135
80 138
80 139
80 142
80 149
80 151
80 152
80 154
80 155
80 157
80 159
80 161
80 162
80 163
80 166
80 169
80 174
80 176
80 177
80 180
80 181
80 183
80 186
80 187
80 188
80 190
80 195
80 196
80 197
80 198
81 82
81 85
81 87
81 89
81 90
81 91
81 92
81 94
81 97
81 99
81 100
81 102
81 103
81 106
81 107
81 109
81 111
81 113
81 115
81 116
81 117
81 121
81 122
81 123
81 125
81 129
81 130
81 133
81 137
81 138
81 139
81 140
81 141
81 142
81 143
81 144
81 146
81 149
81 151
81 153
81 154
81 157
81 159
81 163
81 164
81 165
81 166
81 167
81 168
81 170
81 173
81 175
81 177
81 178
81 179
81 180
81 182
81 183
81 187
81 189
81 191
81 193
81 198
81 199
82 83
82 85
82 86
82 87
82 88
82 89
82 92
82 95
82 97
82 98
82 103
82 104
82 109
82 111
82 114
82 115
82 117
82 119
82 126
82 127
82 129
82 132
82 134
82 135
82 136
82 138
82 139
82 140
82 142
82 143
82 147
82 153
82 155
82 156
82 157
82 158
82 160
82 165
82 166
82 167
82 168
82 169
82 171
82 174
82 176
82 178
82 179
82 180
82 181
82 184
82 189
82 190
82 191
82 192
82 196
82 198
83 86
83 87
83 92
83 94
83 95
83 96
83 101
83 102
83 103
83 104
83 106
83 107
83 108
83 109
83 115
83 116
83 120
83 123
83 126
83 128
83 129
83 130
83 132
83 134
83 135
83 137
83 142
83 146
83 148
83 150
83 152
83 158
83 159
83 161
83 167
83 168
83 169
83 170
83 172
83 173
83 174
83 175
83 176
83 177
83 178
83 183
83 184
83 185
83 188
83 189
83 191
83 192
83 195
83 197
83 198
84 90
84 92
84 96
84 97
84 98
84 100
84 101
84 103
84 105
84 106
84 107
84 109
84 111
84 112
84 113
84 114
84 115
84 116
84 118
84 119
84 122
84 123
84 124
84 125
84 126
84 127
84 130
84 132
84 133
84 136
84 137
84 140
84 142
84 143
84 147
84 148
84 149
84 151
84 152
84 154
84 155
84 156
84 157
84 158
84 159
84 160
84 163
84 164
84 166
84 167
84 168
84 169
84 171
84 172
84 174
84 175
84 176
84 177
84 178
84 179
84 182
84 183
84 184
84 185
84 187
84 192
84 193
84 196
84 198
85 89
85 92
85 96
85 98
85 100
85 101
85 104
85 105
85 107
85 108
85 109
85 110
85 111
85 112
85 115
85 125
85 128
85 129
85 130
85 133
85 135
85 136
85 137
85 138
85 143
85 145
85 147
85 149
85 150
85 152
85 153
85 155
85 156
85 158
85 159
85 165
85 167
85 169
85 171
85 173
85 175
85 176
85 178
85 179
85 180
85 181
85 182
85 186
85 189
85 190
85 193
85 194
85 196
85 197
85 198
85 199
86 87
86 89
86 90
86 91
86 93
86 94
86 96
86 97
86 98
86 99
86 101
86 102
86 105
86 108
86 112
86 113
86 119
86 120
86 122
86 124
86 129
86 130
86 132
86 134
86 135
86 137
86 142
86 145
86 147
86 156
86 158
86 159
86 161
86 164
86 166
86 168
86 173
86 174
86 178
86 179
86 180
86 181
86 182
86 184
86 185
86 186
86 188
86 189
86 190
86 192
86 193
86 195
86 198
87 89
87 90
87 91
87 94
87 95
87 99
87 100
87 101
87 102
87 105
87 106
87 108
87 122
87 123
87 126
87 127
87 134
87 135
87 136
87 137
87 139
87 141
87 142
87 144
87 145
87 146
87 148
87 149
87 152
87 155
87 156
87 157
87 158
87 159
87 160
87 162
87 164
87 165
87 166
87 167
87 169
87 172
87 173
87 175
87 178
87 179
87 181
87 182
87 183
87 184
87 186
87 187
87 188
87 190
87 195
87 196
87 198
88 91
88 92
88 94
88 96
88 97
88 100
88 102
88 106
88 110
88 111
88 112
88 113
88 116
88 117
88 119
88 120
88 121
88 122
88 123
88 124
88 127
88 130
88 135
88 137
88 138
88 139
88 140
88 141
88 143
88 149
88 154
88 155
88 156
88 157
88 159
88 160
88 162
88 164
88 166
88 167
88 168
88 169
88 170
88 171
88 173
88 174
88 175
88 176
88 178
88 180
88 181
88 184
88 187
88 188
88 189
88 192
88 194
88 196
88 197
88 198
89 90
89 92
89 93
89 94
89 95
89 96
89 97
89 101
89 103
89 107
89 111
89 112
89 113
89 115
89 116
89 117
89 119
89 121
89 122
89 123
89 124
89 126
89 127
89 129
89 130
89 137
89 141
89 143
89 150
89 152
89 153
89 154
89 155
89 159
89 160
89 161
89 163
89 167
89 170
89 171
89 173
89 175
89 176
89 180
89 181
89 182
89 183
89 184
89 185
89 190
89 191
89 192
89 193
89 194
89 197
89 199
90 92
90 94
90 95
90 96
90 97
90 98
90 103
90 104
90 105
90 108
90 110
90 115
90 117
90 121
90 123
90 124
90 126
90 127
90 132
90 133
90 134
90 135
90 140
90 146
90 147
90 148
90 149
90 151
90 153
90 154
90 158
90 159
90 161
90 162
90 164
90 165
90 166
90 173
90 177
90 179
90 184
90 185
90 187
90 190
90 191
90 192
90 194
90 198
91 93
91 94
91 99
91 100
91 101
91 102
91 106
91 108
91 109
91 110
91 112
91 113
91 115
91 116
91 117
91 118
91 119
91 122
91 126
91 133
91 135
91 136
91 137
91 139
91 140
91 141
91 142
91 150
91 151
91 152
91 153
91 155
91 156
91 159
91 162
91 163
91 165
91 166
91 167
91 170
91 171
91 172
91 173
91 174
91 175
91 178
91 180
91 181
91 186
91 187
91 190
91 191
91 192
91 193
91 196
91 197
92 94
92 97
92 99
92 101
92 103
92 105
92 107
92 109
92 112
92 116
92 118
92 119
92 120
92 121
92 122
92 123
92 125
92 127
92 131
92 132
92 134
92 135
92 136
92 137
92 138
92 139
92 140
92 141
92 144
92 145
92 150
92 155
92 158
92 159
92 160
92 161
92 164
92 167
92 169
92 171
92 172
92 173
92 174
92 177
92 179
92 180
92 181
92 182
92 183
92 189
92 190
92 191
92 192
93 94
93 95
93 96
93 100
93 103
93 107
93 108
93 109
93 110
93 115
93 118
93 119
93 124
93 125
93 126
93 127
93 128
93 129
93 130
93 133
93 137
93 138
93 139
93 142
93 148
93 149
93 151
93 153
93 155
93 157
93 165
93 167
93 172
93 176
93 178
93 179
93 182
93 184
93 186
93 187
93 189
93 190
93 191
93 192
93 193
93 195
93 197
93 199
94 96
94 97
94 99
94 101
94 104
94 105
94 108
94 112
94 113
94 114
94 115
94 116
94 118
94 125
94 128
94 130
94 131
94 133
94 135
94 140
94 142
94 145
94 147
94 151
94 152
94 154
94 156
94 157
94 159
94 161
94 162
94 164
94 166
94 169
94 173
94 177
94 178
94 179
94 180
94 183
94 184
94 187
94 191
94 192
94 198
94 199
95 96
95 100
95 104
95 108
95 111
95 113
95 116
95 117
95 119
95 123
95 125
95 126
95 129
95 130
95 131
95 133
95 138
95 140
95 141
95 142
95 143
95 145
95 149
95 150
95 151
95 152
95 153
95 155
95 156
95 157
95 159
95 161
95 162
95 164
95 166
95 170
95 171
95 172
95 173
95 175
95 176
95 177
95 179
95 180
95 182
95 183
95 185
95 187
95 189
95 192
95 195
95 197
95 198
95 199
96 100
96 101
96 102
96 104
96 105
96 106
96 109
96 111
96 113
96 115
96 118
96 120
96 122
96 123
96 126
96 131
96 132
96 134
96 135
96 137
96 138
96 140
96 141
96 142
96 143
96 144
96 145
96 147
96 148
96 149
96 152
96 154
96 155
96 156
96 158
96 161
96 162
96 163
96 164
96 167
96 168
96 171
96 173
96 174
96 175
96 177
96 178
96 179
96 181
96 182
96 183
96 184
96 190
96 193
96 195
96 196
96 197
97 98
97 102
97 103
97 104
97 105
97 106
97 107
97 109
97 115
97 116
97 117
97 118
97 125
97 126
97 128
97 129
97 130
97 131
97 133
97 134
97 138
97 142
97 143
97 144
97 148
97 150
97 151
97 152
97 153
97 154
97 158
97 159
97 160
97 166
97 167
97 169
97 170
97 171
97 173
97 174
97 175
97 177
97 179
97 180
97 181
97 184
97 185
97 188
97 190
97 191
97 192
97 193
97 194
97 195
97 196
97 197
98 100
98 101
98 104
98 105
98 107
98 110
98 111
98 115
98 119
98 122
98 125
98 126
98 128
98 129
98 130
98 131
98 132
98 134
98 135
98 136
98 138
98 139
98 140
98 141
98 146
98 148
98 151
98 152
98 154
98 155
98 158
98 164
98 166
98 168
98 169
98 170
98 172
98 176
98 178
98 179
98 180
98 181
98 182
98 184
98 188
98 189
98 192
98 193
98 194
98 197
99 100
99 105
99 106
99 107
99 110
99 111
99 113
99 115
99 116
99 117
99 118
99 120
99 122
99 127
99 128
99 129
99 136
99 137
99 140
99 141
99 143
99 147
99 149
99 150
99 152
99 156
99 162
99 164
99 165
99 167
99 169
99 171
99 172
99 174
99 175
99 178
99 181
99 182
99 183
99 184
99 185
99 188
99 198
100 101
100 102
100 103
100 105
100 106
100 108
100 110
100 112
100 113
100 114
100 116
100 117
100 119
100 120
100 121
100 122
100 123
100 125
100 128
100 129
100 130
100 133
100 134
100 136
100 137
100 139
100 140
100 141
100 143
100 144
100 147
100 152
100 154
100 155
100 156
100 158
100 159
100 160
100 162
100 164
100 168
100 172
100 173
100 177
100 179
100 181
100 184
100 190
100 191
100 194
100 196
100 197
101 103
101 105
101 108
101 110
101 114
101 118
101 119
101 122
101 125
101 126
101 128
101 130
101 132
101 135
101 136
101 138
101 140
101 144
101 146
101 147
101 149
101 150
101 151
101 152
101 153
101 154
101 155
101 156
101 157
101 158
101 159
101 161
101 162
101 163
101 164
101 166
101 169
101 170
101 174
101 176
101 178
101 181
101 184
101 185
101 191
101 194
101 196
101 197
102 103
102 106
102 109
102 111
102 112
102 115
102 122
102 126
102 127
102 130
102 132
102 133
102 134
102 138
102 139
102 144
102 146
102 148
102 152
102 156
102 160
102 164
102 166
102 167
102 171
102 172
102 173
102 184
102 185
102 187
102 188
102 189
102 191
102 196
103 104
103 106
103 108
103 110
103 112
103 113
103 116
103 118
103 119
103 124
103 126
103 128
103 133
103 136
103 137
103 138
103 142
103 143
103 144
103 145
103 149
103 150
103 151
103 152
103 155
103 162
103 163
103 165
103 166
103 169
103 170
103 171
103 172
103 173
103 175
103 177
103 179
103 182
103 186
103 187
103 189
103 190
103 191
103 193
104 105
104 106
104 108
104 113
104 114
104 115
104 118
104 119
104 120
104 121
104 124
104 127
104 134
104 135
104 136
104 138
104 143
104 144
104 145
104 147
104 148
104 151
104 152
104 161
104 162
104 165
104 166
104 167
104 168
104 170
104 171
104 173
104 177
104 179
104 180
104 182
104 187
104 188
104 190
104 191
104 192
104 193
104 197
105 106
105 107
105 109
105 110
105 111
105 117
105 122
105 126
105 127
105 130
105 131
105 132
105 134
105 135
105 140
105 141
105 142
105 143
105 144
105 145
105 146
105 150
105 151
105 152
105 155
105 156
105 159
105 163
105 164
105 165
105 166
105 167
105 168
105 170
105 171
105 172
105 173
105 174
105 176
105 177
105 178
105 179
105 180
105 181
105 182
105 184
105 185
105 186
105 187
105 188
105 189
105 190
105 191
105 194
105 195
105 198
106 110
106 111
106 113
106 119
106 121
106 128
106 130
106 131
106 132
106 136
106 137
106 139
106 140
106 147
106 149
106 150
106 154
106 157
106 158
106 159
106 160
106 161
106 163
106 164
106 165
106 167
106 169
106 171
106 174
106 176
106 177
106 178
106 179
106 181
106 182
106 184
106 191
106 192
107 110
107 111
107 113
107 116
107 117
107 119
107 120
107 122
107 124
107 125
107 131
107 136
107 137
107 140
107 141
107 147
107 149
107 151
107 152
107 154
107 161
107 162
107 164
107 166
107 167
107 169
107 171
107 174
107 176
107 182
107 185
107 186
107 189
107 190
107 191
107 193
107 195
107 196
107 198
107 199
108 110
108 111
108 112
108 113
108 118
108 121
108 122
108 124
108 125
108 128
108 129
108 134
108 135
108 136
108 138
108 140
108 142
108 143
108 145
108 146
108 149
108 165
108 168
108 172
108 174
108 176
108 177
108 179
108 181
108 184
108 187
108 189
108 196
108 197
108 198
109 112
109 113
109 118
109 120
109 121
109 126
109 127
109 133
109 137
109 138
109 140
109 142
109 144
109 145
109 147
109 152
109 153
109 155
109 156
109 159
109 161
109 162
109 163
109 165
109 166
109 170
109 171
109 174
109 176
109 178
109 179
109 181
109 183
109 189
109 190
109 192
109 193
109 196
109 198
109 199
110 113
110 114
110 116
110 119
110 120
110 121
110 123
110 127
110 133
110 134
110 139
110 140
110 147
110 148
110 150
110 151
110 152
110 155
110 156
110 158
110 159
110 160
110 162
110 166
110 167
110 168
110 169
110 170
110 171
110 173
110 175
110 176
110 179
110 181
110 182
110 184
110 185
110 186
110 187
110 189
110 190
110 192
110 194
110 198
111 112
111 113
111 114
111 116
111 118
111 120
111 121
111 122
111 123
111 125
111 130
111 133
111 135
111 137
111 139
111 141
111 144
111 145
111 146
111 150
111 151
111 154
111 156
111 157
111 159
111 160
111 161
111 163
111 165
111 167
111 169
111 171
111 174
111 175
111 178
111 179
111 183
111 184
111 185
111 187
111 188
111 189
111 191
111 194
111 197
111 198
111 199
112 113
112 114
112 118
112 120
112 122
112 125
112 127
112 128
112 129
112 130
112 132
112 133
112 136
112 138
112 143
112 147
112 148
112 149
112 150
112 151
112 152
112 153
112 154
112 156
112 158
112 160
112 162
112 163
112 166
112 168
112 169
112 171
112 173
112 174
112 175
112 176
112 177
112 178
112 181
112 183
112 184
112 187
112 188
112 195
112 199
113 115
113 117
113 119
113 120
113 124
113 127
113 128
113 129
113 131
113 135
113 139
113 140
113 141
113 144
113 146
113 148
113 149
113 150
113 153
113 154
113 155
113 156
113 158
113 159
113 160
113 163
113 166
113 168
113 171
113 172
113 175
113 177
113 179
113 180
113 181
113 182
113 184
113 185
113 186
113 187
113 193
113 195
113 199
114 115
114 117
114 120
114 122
114 124
114 125
114 127
114 129
114 131
114 132
114 133
114 134
114 136
114 138
114 142
114 144
114 147
114 149
114 150
114 152
114 156
114 157
114 159
114 167
114 169
114 170
114 171
114 175
114 177
114 179
114 180
114 182
114 184
114 187
114 188
114 190
114 191
114 196
114 198
115 116
115 117
115 119
115 120
115 122
115 125
115 126
115 128
115 129
115 131
115 134
115 135
115 142
115 146
115 152
115 153
115 155
115 156
115 159
115 160
115 162
115 164
115 165
115 166
115 167
115 169
115 173
115 175
115 179
115 182
115 184
115 185
115 186
115 187
115 188
115 189
115 191
115 194
115 198
115 199
116 117
116 120
116 121
116 122
116 123
116 124
116 125
116 129
116 132
116 133
116 142
116 143
116 144
116 145
116 147
116 151
116 154
116 155
116 156
116 158
116 162
116 163
116 164
116 165
116 168
116 171
116 172
116 173
116 175
116 178
116 180
116 182
116 183
116 184
116 185
116 186
116 188
116 192
116 193
116 194
116 195
116 196
116 197
117 122
117 125
117 127
117 128
117 131
117 132
117 137
117 141
117 147
117 152
117 153
117 154
117 158
117 162
117 163
117 167
117 172
117 174
117 175
117 176
117 177
117 179
117 183
117 184
117 192
117 193
117 199
118 121
118 122
118 123
118 124
118 125
118 126
118 127
118 129
118 131
118 133
118 134
118 135
118 136
118 137
118 138
118 140
118 141
118 142
118 143
118 144
118 146
118 148
118 153
118 154
118 155
118 156
118 157
118 160
118 163
118 167
118 168
118 169
118 173
118 174
118 176
118 177
118 179
118 180
118 181
118 182
118 185
118 187
118 188
118 189
118 190
118 192
118 193
118 194
118 196
118 199
119 121
119 123
119 126
119 132
119 135
119 136
119 138
119 140
119 141
119 145
119 146
119 147
119 148
119 150
119 151
119 152
119 153
119 155
119 157
119 160
119 161
119 165
119 167
119 168
119 170
119 172
119 179
119 181
119 182
119 185
119 186
119 187
119 192
119 193
119 194
119 195
120 121
120 122
120 124
120 126
120 128
120 129
120 133
120 136
120 137
120 139
120 141
120 143
120 144
120 145
120 152
120 153
120 154
120 156
120 157
120 158
120 160
120 161
120 164
120 165
120 175
120 176
120 177
120 182
120 185
120 187
120 190
120 192
120 195
120 196
120 197
120 198
121 122
121 125
121 126
121 127
121 128
121 129
121 130
121 132
121 133
121 134
121 136
121 139
121 140
121 142
121 145
121 147
121 150
121 151
121 152
121 155
121 158
121 161
121 170
121 172
121 175
121 178
121 179
121 181
121 183
121 185
121 186
121 187
121 188
121 189
121 193
121 194
121 195
121 198
122 123
122 124
122 126
122 128
122 132
122 135
122 136
122 137
122 138
122 140
122 141
122 146
122 147
122 148
122 151
122 153
122 154
122 158
122 161
122 167
122 168
122 169
122 170
122 171
122 172
122 173
122 176
122 179
122 180
122 182
122 183
122 187
122 189
122 190
122 191
122 193
122 195
122 198
123 124
123 125
123 126
123 127
123 129
123 131
123 135
123 138
123 141
123 142
123 145
123 146
123 149
123 152
123 154
123 159
123 161
123 162
123 163
123 165
123 166
123 167
123 168
123 170
123 171
123 172
123 175
123 178
123 180
123 181
123 182
123 183
123 186
123 187
123 191
123 199
124 126
124 127
124 129
124 134
124 138
124 141
124 142
124 146
124 147
124 148
124 149
124 151
124 152
124 154
124 155
124 157
124 163
124 164
124 165
124 167
124 173
124 174
124 175
124 177
124 179
124 180
124 181
124 182
124 184
124 185
124 186
124 187
124 188
124 190
124 192
124 195
124 197
124 198
124 199
125 127
125 129
125 131
125 132
125 133
125 135
125 136
125 137
125 139
125 140
125 142
125 144
125 145
125 146
125 148
125 149
125 154
125 155
125 156
125 157
125 161
125 162
125 163
125 165
125 167
125 170
125 171
125 172
125 173
125 175
125 179
125 181
125 184
125 185
125 189
125 190
125 191
125 194
125 196
126 127
126 128
126 129
126 130
126 132
126 133
126 136
126 137
126 138
126 139
126 141
126 142
126 144
126 145
126 148
126 150
126 153
126 155
126 157
126 161
126 164
126 165
126 168
126 169
126 174
126 175
126 177
126 178
126 179
126 180
126 181
126 183
126 186
126 190
126 192
126 195
126 196
126 198
126 199
127 128
127 130
127 131
127 132
127 134
127 135
127 139
127 141
127 142
127 143
127 145
127 146
127 147
127 151
127 152
127 153
127 155
127 156
127 158
127 160
127 161
127 166
127 176
127 178
127 179
127 181
127 184
127 185
127 188
127 189
127 190
127 195
127 196
127 198
128 129
128 130
128 131
128 132
128 134
128 136
128 137
128 138
128 139
128 140
128 141
128 144
128 147
128 149
128 150
128 151
128 152
128 153
128 154
128 155
128 157
128 158
128 159
128 160
128 161
128 164
128 165
128 166
128 168
128 172
128 173
128 175
128 176
128 178
128 179
128 180
128 181
128 182
128 183
128 184
128 186
128 187
128 191
128 192
128 193
128 195
128 198
128 199
129 130
129 133
129 135
129 137
129 138
129 139
129 142
129 143
129 146
129 147
129 150
129 152
129 153
129 156
129 159
129 162
129 164
129 165
129 167
129 169
129 170
129 174
129 175
129 179
129 181
129 182
129 185
129 187
129 188
129 189
129 190
129 191
129 192
129 194
129 197
130 131
130 133
130 139
130 141
130 142
130 143
130 144
130 145
130 146
130 148
130 150
130 152
130 154
130 156
130 159
130 161
130 162
130 163
130 165
130 167
130 168
130 172
130 175
130 176
130 179
130 180
130 183
130 184
130 188
130 189
130 190
130 191
130 196
130 197
130 198
130 199
131 133
131 137
131 142
131 145
131 148
131 149
131 151
131 153
131 154
131 155
131 159
131 163
131 165
131 167
131 168
131 171
131 172
131 174
131 175
131 179
131 180
131 188
131 189
131 193
131 196
131 197
132 133
132 140
132 142
132 143
132 145
132 146
132 147
132 149
132 150
132 151
132 155
132 158
132 160
132 162
132 163
132 164
132 165
132 167
132 168
132 169
132 170
132 171
132 172
132 177
132 178
132 179
132 180
132 182
132 183
132 184
132 189
132 190
132 194
132 198
132 199
133 134
133 135
133 137
133 138
133 141
133 144
133 145
133 146
133 148
133 150
133 152
133 154
133 158
133 160
133 162
133 163
133 166
133 169
133 170
133 173
133 174
133 175
133 177
133 179
133 180
133 181
133 182
133 183
133 185
133 186
133 187
133 188
133 189
133 192
133 193
133 195
133 196
133 197
134 136
134 138
134 139
134 142
134 143
134 144
134 148
134 149
134 150
134 152
134 157
134 159
134 160
134 163
134 166
134 168
134 174
134 175
134 178
134 182
134 184
134 185
134 186
134 188
134 189
134 192
134 193
134 198
135 141
135 142
135 143
135 146
135 149
135 151
135 153
135 155
135 157
135 158
135 163
135 166
135 167
135 174
135 175
135 178
135 179
135 181
135 184
135 186
135 187
135 188
135 189
135 190
135 191
135 192
135 193
135 196
135 199
136 137
136 139
136 140
136 143
136 145
136 149
136 150
136 153
136 154
136 155
136 156
136 157
136 160
136 161
136 162
136 163
136 165
136 169
136 170
136 171
136 174
136 177
136 178
136 180
136 181
136 182
136 187
136 188
136 189
136 191
136 192
136 193
136 194
136 196
136 198
137 138
137 139
137 140
137 141
137 142
137 143
137 145
137 149
137 152
137 153
137 154
137 155
137 156
137 159
137 160
137 161
137 162
137 164
137 168
137 170
137 171
137 173
137 174
137 179
137 180
137 181
137 183
137 186
137 189
137 190
137 191
137 193
137 194
137 198
137 199
138 141
138 142
138 143
138 148
138 149
138 151
138 152
138 153
138 154
138 156
138 165
138 168
138 169
138 170
138 171
138 172
138 175
138 177
138 178
138 181
138 183
138 187
138 190
138 195
138 199
139 141
139 142
139 143
139 145
139 146
139 148
139 150
139 151
139 152
139 154
139 155
139 161
139 162
139 171
139 172
139 174
139 176
139 179
139 180
139 181
139 182
139 185
139 190
139 191
139 192
139 193
139 195
139 198
139 199
140 142
140 144
140 149
140 151
140 155
140 157
140 158
140 159
140 161
140 163
140 165
140 168
140 169
140 174
140 176
140 177
140 178
140 179
140 182
140 183
140 187
140 189
140 190
140 192
140 193
140 194
140 195
140 198
141 143
141 144
141 146
141 149
141 150
141 151
141 154
141 155
141 159
141 161
141 162
141 176
141 177
141 178
141 180
141 181
141 182
141 184
141 185
141 186
141 188
141 189
141 190
141 192
141 194
141 195
141 196
141 198
141 199
142 144
142 147
142 149
142 152
142 154
142 161
142 163
142 164
142 165
142 168
142 169
142 172
142 174
142 175
142 179
142 181
142 182
142 184
142 185
142 186
142 189
142 190
142 191
142 192
142 195
142 196
142 198
142 199
143 148
143 149
143 150
143 151
143 152
143 153
143 154
143 161
143 166
143 167
143 169
143 170
143 172
143 176
143 179
143 183
143 189
143 190
143 191
143 192
143 193
143 195
143 196
143 197
143 199
144 145
144 147
144 148
144 149
144 150
144 151
144 153
144 155
144 156
144 157
144 158
144 160
144 161
144 166
144 167
144 170
144 173
144 174
144 176
144 178
144 185
144 186
144 188
144 189
144 191
144 192
144 193
144 194
144 196
144 198
144 199
145 146
145 147
145 150
145 152
145 154
145 159
145 160
145 161
145 162
145 163
145 164
145 166
145 169
145 171
145 174
145 175
145 177
145 179
145 180
145 183
145 184
145 187
145 188
145 191
145 193
145 194
145 197
145 199
146 149
146 150
146 151
146 153
146 154
146 155
146 156
146 158
146 159
146 160
146 162
146 163
146 164
146 165
146 166
146 169
146 170
146 174
146 176
146 181
146 182
146 183
146 185
146 187
146 188
146 189
146 190
146 191
146 194
146 197
146 198
146 199
147 155
147 157
147 161
147 163
147 166
147 168
147 172
147 174
147 176
147 178
147 179
147 180
147 183
147 185
147 186
147 187
147 188
147 189
147 193
147 195
147 198
148 150
148 151
148 153
148 155
148 156
148 157
148 159
148 163
148 167
148 168
148 169
148 176
148 179
148 184
148 189
148 190
148 191
148 195
149 157
149 159
149 162
149 163
149 164
149 166
149 169
149 173
149 175
149 176
149 178
149 179
149 182
149 183
149 188
149 189
149 191
149 194
149 195
149 197
149 199
150 154
150 155
150 156
150 157
150 158
150 161
150 162
150 164
150 165
150 166
150 167
150 170
150 172
150 175
150 176
150 177
150 178
150 179
150 182
150 183
150 185
150 190
150 195
150 196
150 197
151 155
151 156
151 158
151 159
151 162
151 164
151 165
151 168
151 170
151 171
151 172
151 174
151 178
151 179
151 180
151 185
151 189
151 191
151 192
151 193
151 194
151 195
151 199
152 153
152 154
152 158
152 160
152 161
152 162
152 165
152 166
152 170
152 172
152 173
152 174
152 175
152 177
152 178
152 181
152 183
152 184
152 185
152 189
152 190
152 191
152 192
152 193
152 195
152 196
152 198
152 199
153 154
153 156
153 158
153 160
153 161
153 167
153 170
153 171
153 176
153 178
153 180
153 181
153 183
153 184
153 187
153 188
153 190
153 194
153 195
153 196
153 197
153 198
154 155
154 157
154 158
154 159
154 162
154 164
154 167
154 168
154 169
154 171
154 174
154 175
154 176
154 179
154 180
154 181
154 184
154 185
154 186
154 187
154 188
154 189
154 190
154 192
154 194
155 158
155 163
155 164
155 171
155 172
155 173
155 177
155 179
155 181
155 183
155 185
155 186
155 187
155 189
155 190
155 192
155 194
156 157
156 158
156 160
156 161
156 162
156 163
156 165
156 168
156 169
156 174
156 175
156 176
156 178
156 181
156 185
156 186
156 188
156 189
156 191
156 194
156 198
156 199
157 158
157 159
157 162
157 164
157 165
157 166
157 167
157 171
157 172
157 173
157 174
157 178
157 179
157 180
157 181
157 182
157 183
157 184
157 185
157 186
157 188
157 190
157 191
157 192
157 194
157 195
157 196
158 159
158 161
158 163
158 166
158 171
158 174
158 175
158 176
158 177
158 178
158 179
158 180
158 181
158 186
158 187
158 190
158 193
158 194
158 196
159 165
159 166
159 167
159 172
159 174
159 175
159 176
159 177
159 178
159 179
159 180
159 181
159 182
159 183
159 184
159 185
159 190
159 193
159 194
159 195
159 196
159 198
160 162
160 163
160 164
160 165
160 166
160 168
160 169
160 170
160 172
160 173
160 174
160 178
160 179
160 181
160 183
160 184
160 187
160 191
160 195
161 162
161 163
161 164
161 165
161 168
161 171
161 172
161 173
161 174
161 176
161 179
161 183
161 185
161 186
161 187
161 190
161 192
161 197
162 164
162 166
162 168
162 169
162 171
162 172
162 176
162 180
162 183
162 187
162 188
162 190
162 192
162 194
162 196
162 197
162 198
163 164
163 166
163 167
163 170
163 171
163 177
163 179
163 182
163 184
163 186
163 187
163 189
163 191
163 194
163 197
164 167
164 168
164 171
164 172
164 173
164 178
164 180
164 182
164 183
164 185
164 186
164 187
164 188
164 190
164 193
164 196
164 197
164 198
164 199
165 166
165 168
165 170
165 171
165 173
165 175
165 177
165 178
165 184
165 186
165 187
165 188
165 189
165 194
165 199
166 167
166 170
166 171
166 172
166 173
166 175
166 176
166 177
166 178
166 179
166 180
166 182
166 186
166 188
166 189
166 190
166 192
166 193
166 199
167 168
167 171
167 173
167 175
167 176
167 179
167 181
167 183
167 184
167 185
167 186
167 187
167 188
167 189
167 190
167 191
167 193
167 194
167 196
167 198
168 171
168 172
168 176
168 177
168 178
168 179
168 182
168 183
168 187
168 189
168 191
168 192
168 195
168 198
169 170
169 171
169 172
169 173
169 178
169 179
169 188
169 189
169 192
169 195
169 197
169 198
170 173
170 177
170 179
170 182
170 184
170 185
170 187
170 191
170 192
170 195
170 197
170 199
171 172
171 173
171 174
171 176
171 178
171 179
171 180
171 181
171 185
171 188
171 190
171 192
171 193
171 196
171 197
171 199
172 173
172 176
172 177
172 178
172 179
172 180
172 182
172 189
172 192
172 194
172 197
172 198
172 199
173 177
173 184
173 185
173 188
173 190
173 191
173 193
173 194
173 197
173 198
174 177
174 178
174 179
174 183
174 184
174 188
174 189
174 191
174 193
174 194
174 195
174 196
174 197
175 177
175 178
175 181
175 182
175 185
175 186
175 187
175 188
175 192
175 195
175 197
175 199
176 177
176 178
176 179
176 180
176 181
176 182
176 183
176 185
176 186
176 188
176 189
176 194
176 195
176 196
176 197
176 198
177 178
177 179
177 180
177 182
177 183
177 184
177 185
177 190
177 193
177 194
177 196
177 198
177 199
178 180
178 183
178 184
178 189
178 190
178 195
178 197
179 181
179 182
179 185
179 186
179 190
179 191
179 194
179 197
179 198
179 199
180 181
180 182
180 183
180 185
180 188
180 189
180 192
180 193
180 194
180 196
180 197
180 199
181 182
181 185
181 187
181 190
181 191
181 195
181 196
182 183
182 186
182 187
182 188
182 189
182 190
182 193
182 194
182 198
182 199
183 184
183 185
183 187
183 188
183 189
183 190
183 191
183 192
183 197
184 187
184 188
184 190
184 192
184 194
184 199
185 189
185 193
186 187
186 188
186 189
186 191
186 192
186 193
186 194
186 199
187 190
187 191
187 192
187 194
187 197
187 198
188 191
188 193
188 197
189 192
189 193
189 194
189 195
189 198
189 199
190 191
190 194
190 195
190 197
191 192
191 193
191 194
191 196
191 197
191 199
192 193
192 194
192 196
192 197
192 198
192 199
193 195
193 197
193 198
194 196
194 197
194 198
194 199
195 196
195 199
196 198
197 199
198 199
