200
0 2
0 3
0 5
0 7
0 8
0 9
0 12
0 13
0 14
0 15
0 16
0 18
0 24
0 26
0 29
0 31
0 33
0 37
0 38
0 39
0 42
0 43
0 45
0 46
0 49
0 51
0 54
0 58
0 59
0 62
0 63
0 66
0 67
0 68
0 69
0 74
0 75
0 76
0 82
0 83
0 87
0 89
0 90
0 92
0 93
0 94
0 96
0 97
0 102
0 103
0 104
0 106
0 107
0 111
0 112
0 113
0 114
0 115
0 118
0 119
0 120
0 123
0 124
0 127
0 140
0 141
0 142
0 144
0 145
0 150
0 152
0 154
0 155
0 156
0 158
0 160
0 161
0 162
0 163
0 164
0 167
0 169
0 171
0 172
0 173
0 174
0 175
0 177
0 181
0 182
0 183
0 185
0 186
0 187
0 188
0 191
0 192
0 194
0 197
0 198
0 199
1 2
1 6
1 8
1 9
1 11
1 13
1 15
1 16
1 19
1 20
1 21
1 22
1 25
1 26
1 27
1 28
1 32
1 34
1 36
1 43
1 44
1 45
1 46
1 49
1 50
1 54
1 55
1 56
1 57
1 59
1 62
1 65
1 70
1 71
1 73
1 75
1 77
1 78
1 79
1 82
1 84
1 85
1 87
1 89
1 91
1 92
1 93
1 95
1 96
1 97
1 98
1 99
1 100
1 102
1 103
1 106
1 108
1 109
1 110
1 112
1 113
1 114
1 115
1 117
1 120
1 121
1 124
1 133
1 135
1 137
1 139
1 140
1 143
1 147
1 148
1 149
1 150
1 152
1 155
1 157
1 158
1 159
1 162
1 164
1 165
1 168
1 169
1 170
1 172
1 173
1 178
1 179
1 181
1 182
1 183
1 184
1 185
1 187
1 188
1 189
1 192
1 196
2 4
2 5
2 6
2 7
2 9
2 12
2 14
2 15
2 18
2 20
2 28
2 29
2 37
2 38
2 41
2 42
2 44
2 47
2 49
2 53
2 54
2 55
2 56
2 58
2 62
2 66
2 67
2 71
2 72
2 73
2 74
2 75
2 77
2 78
2 80
2 81
2 82
2 83
2 84
2 85
2 90
2 91
2 95
2 97
2 99
2 101
2 102
2 107
2 108
2 111
2 112
2 113
2 114
2 116
2 120
2 121
2 124
2 129
2 130
2 131
2 132
2 133
2 135
2 136
2 137
2 141
2 143
2 144
2 145
2 146
2 147
2 148
2 149
2 150
2 153
2 154
2 155
2 156
2 159
2 160
2 162
2 163
2 166
2 169
2 170
2 172
2 173
2 174
2 180
2 183
2 184
2 185
2 192
2 194
2 196
2 198
3 5
3 7
3 9
3 11
3 12
3 13
3 16
3 22
3 23
3 26
3 27
3 28
3 30
3 31
3 32
3 36
3 37
3 38
3 40
3 41
3 45
3 46
3 47
3 56
3 60
3 66
3 67
3 69
3 72
3 76
3 77
3 78
3 81
3 82
3 84
3 86
3 88
3 90
3 91
3 92
3 93
3 94
3 95
3 97
3 99
3 101
3 102
3 103
3 108
3 111
3 112
3 113
3 114
3 116
3 117
3 118
3 119
3 122
3 125
3 126
3 127
3 130
3 131
3 132
3 133
3 136
3 137
3 138
3 140
3 142
3 143
3 145
3 146
3 147
3 151
3 152
3 156
3 157
3 158
3 159
3 160
3 161
3 162
3 163
3 165
3 167
3 168
3 171
3 172
3 173
3 177
3 178
3 183
3 186
3 190
3 192
3 193
3 194
3 195
3 196
3 198
4 5
4 7
4 8
4 16
4 18
4 20
4 21
4 23
4 25
4 26
4 32
4 35
4 38
4 41
4 46
4 47
4 48
4 49
4 50
4 53
4 55
4 58
4 62
4 66
4 67
4 69
4 71
4 73
4 76
4 78
4 85
4 89
4 90
4 92
4 95
4 96
4 98
4 99
4 100
4 101
4 102
4 105
4 106
4 111
4 112
4 113
4 116
4 118
4 120
4 125
4 128
4 131
4 134
4 137
4 138
4 142
4 148
4 150
4 152
4 153
4 156
4 160
4 162
4 163
4 164
4 169
4 170
4 172
4 177
4 179
4 181
4 184
4 185
4 188
4 189
4 190
4 191
4 192
4 194
4 196
5 6
5 7
5 8
5 9
5 12
5 13
5 14
5 15
5 16
5 20
5 24
5 25
5 26
5 28
5 29
5 31
5 33
5 34
5 39
5 44
5 45
5 46
5 47
5 49
5 50
5 52
5 54
5 56
5 57
5 58
5 60
5 62
5 64
5 66
5 67
5 68
5 70
5 72
5 80
5 82
5 86
5 87
5 88
5 89
5 90
5 91
5 94
5 97
5 99
5 100
5 102
5 103
5 104
5 105
5 107
5 108
5 109
5 110
5 111
5 113
5 114
5 117
5 118
5 120
5 121
5 122
5 123
5 124
5 125
5 126
5 127
5 130
5 131
5 132
5 133
5 134
5 136
5 137
5 138
5 139
5 142
5 143
5 145
5 146
5 147
5 148
5 150
5 151
5 153
5 155
5 156
5 158
5 160
5 163
5 166
5 167
5 168
5 172
5 179
5 182
5 189
5 190
5 191
5 192
5 194
5 195
5 198
5 199
6 7
6 11
6 12
6 13
6 14
6 19
6 22
6 27
6 28
6 30
6 31
6 34
6 35
6 36
6 38
6 39
6 40
6 41
6 44
6 46
6 54
6 55
6 57
6 59
6 61
6 62
6 63
6 64
6 67
6 68
6 72
6 75
6 77
6 79
6 81
6 82
6 83
6 85
6 87
6 91
6 93
6 94
6 97
6 99
6 101
6 103
6 104
6 107
6 112
6 113
6 114
6 116
6 118
6 121
6 123
6 125
6 127
6 128
6 129
6 131
6 134
6 135
6 136
6 138
6 139
6 140
6 141
6 142
6 143
6 144
6 146
6 150
6 151
6 157
6 158
6 162
6 164
6 165
6 170
6 172
6 174
6 176
6 177
6 178
6 179
6 180
6 183
6 185
6 186
6 187
6 188
6 189
6 190
6 191
6 192
6 193
6 195
6 197
6 198
6 199
7 9
7 10
7 15
7 16
7 17
7 18
7 19
7 21
7 23
7 24
7 25
7 30
7 31
7 32
7 33
7 39
7 42
7 45
7 46
7 47
7 50
7 51
7 54
7 55
7 56
7 57
7 58
7 59
7 65
7 69
7 71
7 73
7 76
7 79
7 80
7 81
7 82
7 83
7 86
7 87
7 88
7 91
7 92
7 93
7 95
7 96
7 97
7 100
7 101
7 102
7 104
7 108
7 109
7 111
7 112
7 114
7 118
7 120
7 124
7 126
7 129
7 131
7 134
7 136
7 138
7 139
7 141
7 143
7 146
7 147
7 148
7 149
7 156
7 158
7 159
7 160
7 161
7 163
7 164
7 165
7 170
7 171
7 174
7 175
7 176
7 178
7 179
7 183
7 186
7 187
7 191
7 194
7 196
7 199
8 10
8 12
8 14
8 18
8 19
8 21
8 24
8 25
8 26
8 27
8 29
8 30
8 34
8 35
8 38
8 39
8 40
8 41
8 45
8 49
8 52
8 53
8 54
8 55
8 60
8 61
8 62
8 64
8 66
8 67
8 68
8 69
8 71
8 73
8 74
8 75
8 78
8 82
8 85
8 87
8 88
8 89
8 91
8 92
8 95
8 97
8 98
8 99
8 101
8 103
8 104
8 107
8 108
8 109
8 111
8 112
8 113
8 114
8 116
8 117
8 120
8 123
8 124
8 125
8 128
8 129
8 130
8 131
8 132
8 134
8 136
8 138
8 140
8 143
8 144
8 145
8 150
8 151
8 152
8 153
8 154
8 156
8 160
8 161
8 163
8 164
8 165
8 168
8 169
8 172
8 173
8 174
8 177
8 179
8 182
8 183
8 185
8 186
8 187
8 189
8 192
8 193
8 194
8 196
9 10
9 12
9 13
9 14
9 16
9 17
9 21
9 24
9 26
9 28
9 29
9 30
9 31
9 33
9 36
9 38
9 40
9 41
9 42
9 44
9 45
9 46
9 47
9 50
9 51
9 53
9 57
9 63
9 66
9 67
9 71
9 72
9 73
9 74
9 79
9 83
9 86
9 87
9 88
9 94
9 96
9 97
9 99
9 103
9 104
9 105
9 110
9 111
9 112
9 117
9 119
9 120
9 121
9 123
9 125
9 126
9 127
9 128
9 133
9 137
9 138
9 139
9 140
9 141
9 142
9 147
9 148
9 150
9 153
9 156
9 157
9 158
9 163
9 165
9 172
9 173
9 178
9 179
9 184
9 185
9 186
9 188
9 189
9 190
9 191
9 192
9 193
9 198
9 199
10 11
10 12
10 13
10 15
10 19
10 22
10 23
10 25
10 26
10 27
10 28
10 30
10 32
10 33
10 34
10 36
10 37
10 38
10 39
10 46
10 48
10 49
10 50
10 54
10 55
10 59
10 64
10 66
10 71
10 72
10 73
10 75
10 77
10 79
10 81
10 83
10 84
10 85
10 87
10 88
10 94
10 95
10 96
10 100
10 101
10 102
10 103
10 104
10 107
10 108
10 111
10 114
10 115
10 116
10 120
10 121
10 122
10 123
10 125
10 128
10 129
10 131
10 134
10 137
10 138
10 139
10 141
10 143
10 144
10 146
10 150
10 151
10 152
10 153
10 156
10 159
10 161
10 162
10 165
10 169
10 172
10 173
10 175
10 176
10 177
10 184
10 185
10 186
10 192
10 193
10 194
10 195
10 196
10 197
11 12
11 15
11 20
11 24
11 25
11 27
11 28
11 31
11 33
11 34
11 35
11 36
11 39
11 42
11 46
11 47
11 48
11 50
11 51
11 54
11 55
11 56
11 58
11 62
11 63
11 64
11 65
11 66
11 67
11 70
11 72
11 74
11 78
11 82
11 83
11 84
11 86
11 87
11 90
11 91
11 92
11 93
11 94
11 95
11 97
11 99
11 100
11 106
11 107
11 108
11 112
11 113
11 115
11 118
11 127
11 129
11 131
11 135
11 136
11 137
11 138
11 140
11 142
11 143
11 144
11 146
11 148
11 149
11 150
11 152
11 153
11 155
11 156
11 159
11 160
11 161
11 163
11 164
11 165
11 167
11 168
11 169
11 170
11 172
11 173
11 175
11 176
11 179
11 180
11 183
11 185
11 186
11 189
11 190
11 192
11 193
11 194
11 196
11 198
12 13
12 14
12 16
12 22
12 23
12 25
12 27
12 30
12 31
12 39
12 41
12 44
12 45
12 46
12 48
12 53
12 56
12 58
12 59
12 64
12 65
12 66
12 68
12 70
12 71
12 75
12 76
12 81
12 85
12 86
12 88
12 89
12 93
12 94
12 95
12 96
12 99
12 100
12 101
12 102
12 104
12 109
12 112
12 113
12 114
12 118
12 123
12 124
12 129
12 130
12 131
12 132
12 133
12 134
12 135
12 138
12 140
12 142
12 144
12 145
12 147
12 148
12 149
12 154
12 155
12 156
12 157
12 160
12 161
12 162
12 163
12 166
12 167
12 168
12 169
12 174
12 175
12 176
12 178
12 183
12 188
12 191
13 16
13 17
13 18
13 23
13 25
13 28
13 30
13 31
13 32
13 33
13 36
13 37
13 38
13 41
13 42
13 44
13 46
13 47
13 48
13 51
13 53
13 54
13 55
13 56
13 60
13 63
13 65
13 66
13 68
13 74
13 80
13 85
13 87
13 88
13 89
13 91
13 92
13 95
13 97
13 98
13 99
13 101
13 102
13 103
13 105
13 107
13 112
13 113
13 117
13 118
13 120
13 125
13 127
13 128
13 130
13 133
13 134
13 136
13 139
13 141
13 142
13 144
13 147
13 149
13 150
13 152
13 153
13 155
13 156
13 158
13 164
13 165
13 168
13 170
13 172
13 175
13 181
13 182
13 183
13 190
13 191
13 193
13 195
13 197
14 15
14 16
14 17
14 18
14 20
14 24
14 25
14 29
14 30
14 36
14 37
14 39
14 40
14 43
14 44
14 45
14 47
14 49
14 51
14 52
14 53
14 55
14 56
14 57
14 58
14 59
14 60
14 61
14 63
14 70
14 71
14 76
14 77
14 79
14 83
14 84
14 85
14 94
14 95
14 99
14 100
14 101
14 104
14 105
14 106
14 109
14 110
14 112
14 114
14 115
14 116
14 121
14 122
14 124
14 125
14 126
14 128
14 129
14 136
14 137
14 138
14 139
14 140
14 145
14 149
14 150
14 152
14 153
14 154
14 155
14 158
14 159
14 160
14 161
14 163
14 164
14 165
14 166
14 168
14 171
14 172
14 173
14 174
14 175
14 177
14 179
14 183
14 185
14 186
14 187
14 188
14 189
14 190
14 191
14 193
14 195
14 197
14 198
14 199
15 17
15 18
15 20
15 22
15 23
15 24
15 25
15 30
15 31
15 33
15 35
15 37
15 39
15 41
15 42
15 43
15 44
15 45
15 47
15 50
15 51
15 54
15 56
15 57
15 58
15 59
15 60
15 61
15 62
15 63
15 64
15 67
15 68
15 69
15 70
15 72
15 73
15 74
15 75
15 76
15 77
15 80
15 84
15 85
15 87
15 88
15 89
15 90
15 96
15 97
15 102
15 103
15 105
15 106
15 108
15 110
15 113
15 115
15 117
15 118
15 120
15 121
15 122
15 123
15 125
15 129
15 130
15 131
15 133
15 134
15 136
15 137
15 140
15 143
15 146
15 147
15 148
15 149
15 150
15 151
15 153
15 155
15 156
15 157
15 162
15 165
15 166
15 169
15 171
15 172
15 173
15 175
15 176
15 179
15 180
15 181
15 184
15 186
15 188
15 189
15 194
15 199
16 18
16 19
16 22
16 26
16 27
16 28
16 30
16 32
16 34
16 35
16 37
16 39
16 43
16 45
16 48
16 49
16 50
16 51
16 54
16 61
16 62
16 64
16 66
16 69
16 75
16 76
16 77
16 78
16 81
16 82
16 84
16 85
16 87
16 88
16 92
16 95
16 96
16 98
16 100
16 103
16 108
16 109
16 112
16 116
16 118
16 119
16 121
16 122
16 124
16 125
16 126
16 127
16 128
16 130
16 133
16 136
16 137
16 141
16 142
16 147
16 150
16 154
16 157
16 158
16 160
16 162
16 168
16 169
16 174
16 175
16 176
16 177
16 178
16 180
16 183
16 186
16 187
16 188
16 189
17 18
17 19
17 20
17 24
17 27
17 30
17 35
17 37
17 38
17 41
17 43
17 45
17 46
17 51
17 58
17 59
17 61
17 62
17 63
17 65
17 69
17 74
17 75
17 79
17 80
17 82
17 83
17 86
17 87
17 88
17 89
17 91
17 96
17 97
17 98
17 104
17 106
17 107
17 115
17 116
17 118
17 120
17 122
17 126
17 127
17 129
17 130
17 135
17 136
17 138
17 142
17 145
17 146
17 150
17 152
17 153
17 155
17 156
17 157
17 160
17 161
17 163
17 164
17 166
17 167
17 168
17 169
17 181
17 183
17 185
17 186
17 190
17 191
17 194
17 196
17 198
18 19
18 21
18 22
18 23
18 29
18 30
18 32
18 34
18 36
18 45
18 46
18 47
18 49
18 50
18 51
18 52
18 54
18 55
18 56
18 57
18 58
18 59
18 60
18 62
18 64
18 65
18 66
18 67
18 70
18 71
18 75
18 76
18 77
18 80
18 81
18 84
18 85
18 86
18 87
18 88
18 89
18 90
18 91
18 94
18 97
18 98
18 99
18 100
18 101
18 102
18 103
18 105
18 108
18 110
18 111
18 113
18 116
18 117
18 118
18 119
18 120
18 121
18 122
18 124
18 127
18 135
18 139
18 142
18 143
18 150
18 152
18 153
18 160
18 162
18 164
18 168
18 170
18 171
18 172
18 173
18 174
18 175
18 177
18 179
18 184
18 187
18 189
18 190
18 193
18 194
19 21
19 22
19 23
19 24
19 25
19 31
19 32
19 34
19 38
19 39
19 51
19 52
19 53
19 55
19 56
19 57
19 58
19 61
19 62
19 63
19 66
19 67
19 68
19 69
19 70
19 72
19 73
19 76
19 77
19 78
19 79
19 87
19 90
19 92
19 93
19 97
19 100
19 101
19 103
19 104
19 107
19 108
19 110
19 112
19 115
19 120
19 121
19 123
19 125
19 126
19 129
19 130
19 132
19 133
19 137
19 140
19 141
19 143
19 146
19 147
19 148
19 150
19 153
19 156
19 161
19 162
19 163
19 164
19 167
19 170
19 174
19 176
19 180
19 184
19 186
19 187
19 188
19 190
19 192
19 193
19 194
19 196
19 198
20 21
20 22
20 26
20 27
20 29
20 32
20 33
20 35
20 37
20 38
20 40
20 42
20 44
20 45
20 46
20 47
20 48
20 49
20 50
20 53
20 55
20 57
20 58
20 59
20 62
20 63
20 64
20 65
20 67
20 70
20 73
20 74
20 75
20 76
20 82
20 87
20 88
20 93
20 94
20 101
20 102
20 103
20 104
20 105
20 107
20 109
20 114
20 115
20 119
20 121
20 122
20 123
20 124
20 128
20 131
20 133
20 135
20 136
20 137
20 138
20 139
20 147
20 149
20 152
20 153
20 156
20 157
20 158
20 159
20 161
20 163
20 164
20 166
20 167
20 169
20 172
20 173
20 174
20 176
20 178
20 180
20 181
20 182
20 184
20 186
20 189
20 193
20 197
20 199
21 22
21 24
21 25
21 27
21 29
21 30
21 32
21 33
21 35
21 41
21 43
21 44
21 48
21 49
21 50
21 52
21 53
21 57
21 58
21 61
21 63
21 65
21 66
21 67
21 70
21 72
21 73
21 75
21 79
21 80
21 85
21 86
21 87
21 90
21 94
21 95
21 97
21 103
21 104
21 105
21 106
21 107
21 108
21 110
21 111
21 113
21 121
21 122
21 123
21 124
21 126
21 127
21 128
21 132
21 135
21 136
21 137
21 143
21 145
21 148
21 151
21 154
21 157
21 159
21 160
21 161
21 162
21 164
21 168
21 170
21 172
21 174
21 176
21 179
21 180
21 182
21 183
21 184
21 186
21 187
21 189
21 190
21 194
21 197
21 199
22 23
22 24
22 27
22 29
22 31
22 32
22 33
22 35
22 36
22 37
22 38
22 39
22 40
22 41
22 46
22 47
22 52
22 54
22 62
22 63
22 64
22 65
22 67
22 69
22 71
22 73
22 76
22 77
22 78
22 79
22 81
22 83
22 88
22 91
22 92
22 95
22 98
22 100
22 102
22 106
22 107
22 108
22 111
22 112
22 114
22 115
22 116
22 118
22 121
22 124
22 128
22 129
22 130
22 136
22 138
22 141
22 142
22 145
22 146
22 148
22 149
22 153
22 154
22 157
22 160
22 162
22 163
22 165
22 166
22 170
22 174
22 176
22 180
22 181
22 182
22 183
22 184
22 191
22 193
22 194
22 195
22 196
22 197
22 199
23 26
23 27
23 29
23 33
23 34
23 36
23 37
23 46
23 49
23 52
23 53
23 55
23 61
23 63
23 65
23 66
23 67
23 68
23 74
23 75
23 76
23 80
23 81
23 82
23 84
23 86
23 87
23 89
23 90
23 91
23 95
23 96
23 98
23 100
23 103
23 106
23 109
23 112
23 115
23 116
23 119
23 120
23 123
23 127
23 129
23 130
23 131
23 135
23 136
23 137
23 138
23 139
23 141
23 143
23 146
23 149
23 150
23 151
23 152
23 153
23 155
23 157
23 159
23 160
23 162
23 164
23 166
23 167
23 168
23 170
23 172
23 173
23 174
23 175
23 177
23 180
23 183
23 184
23 185
23 186
23 187
23 190
23 192
23 194
23 199
24 25
24 26
24 28
24 29
24 30
24 31
24 32
24 34
24 36
24 37
24 38
24 39
24 40
24 41
24 43
24 44
24 45
24 46
24 50
24 51
24 52
24 55
24 57
24 58
24 59
24 61
24 62
24 63
24 68
24 70
24 72
24 73
24 74
24 75
24 80
24 81
24 82
24 83
24 85
24 86
24 87
24 88
24 94
24 95
24 97
24 98
24 99
24 100
24 103
24 105
24 107
24 109
24 110
24 112
24 114
24 115
24 116
24 117
24 119
24 120
24 121
24 123
24 124
24 127
24 130
24 131
24 135
24 136
24 137
24 138
24 139
24 140
24 142
24 144
24 145
24 146
24 147
24 152
24 153
24 155
24 156
24 158
24 159
24 161
24 164
24 165
24 166
24 167
24 170
24 172
24 173
24 174
24 175
24 177
24 178
24 179
24 180
24 183
24 185
24 186
24 187
24 188
24 189
24 190
24 191
24 195
24 196
24 198
24 199
25 28
25 31
25 34
25 35
25 39
25 41
25 43
25 44
25 47
25 48
25 50
25 51
25 52
25 53
25 55
25 56
25 59
25 64
25 66
25 67
25 71
25 72
25 73
25 75
25 77
25 78
25 80
25 81
25 84
25 85
25 91
25 93
25 94
25 96
25 99
25 100
25 102
25 104
25 105
25 108
25 109
25 111
25 113
25 114
25 117
25 119
25 120
25 122
25 124
25 125
25 126
25 128
25 129
25 132
25 133
25 135
25 136
25 137
25 138
25 139
25 142
25 145
25 147
25 149
25 150
25 151
25 152
25 155
25 157
25 163
25 170
25 171
25 173
25 174
25 176
25 177
25 178
25 183
25 184
25 186
25 188
25 191
25 193
25 199
26 31
26 32
26 34
26 37
26 39
26 40
26 44
26 46
26 47
26 49
26 52
26 53
26 54
26 55
26 56
26 57
26 61
26 63
26 65
26 66
26 69
26 70
26 72
26 73
26 78
26 79
26 85
26 88
26 89
26 90
26 91
26 92
26 98
26 99
26 101
26 103
26 105
26 106
26 112
26 113
26 115
26 119
26 120
26 123
26 125
26 127
26 136
26 137
26 140
26 142
26 143
26 145
26 146
26 148
26 149
26 154
26 156
26 157
26 158
26 159
26 160
26 161
26 164
26 165
26 166
26 169
26 170
26 174
26 175
26 179
26 180
26 181
26 182
26 184
26 186
26 194
26 196
26 197
26 198
26 199
27 28
27 32
27 33
27 34
27 35
27 37
27 39
27 40
27 42
27 43
27 44
27 46
27 49
27 50
27 52
27 56
27 58
27 59
27 61
27 62
27 63
27 64
27 66
27 67
27 70
27 73
27 76
27 77
27 79
27 83
27 85
27 87
27 88
27 89
27 92
27 94
27 96
27 98
27 101
27 102
27 103
27 104
27 105
27 109
27 111
27 114
27 118
27 119
27 120
27 123
27 124
27 126
27 128
27 129
27 131
27 134
27 136
27 139
27 140
27 145
27 146
27 147
27 148
27 149
27 150
27 155
27 157
27 158
27 160
27 161
27 162
27 165
27 166
27 167
27 168
27 170
27 171
27 175
27 176
27 178
27 182
27 184
27 185
27 186
27 191
27 197
27 198
27 199
28 30
28 31
28 36
28 38
28 39
28 44
28 45
28 46
28 47
28 48
28 52
28 53
28 56
28 58
28 62
28 63
28 65
28 66
28 68
28 70
28 72
28 74
28 77
28 78
28 79
28 80
28 85
28 86
28 90
28 91
28 93
28 94
28 95
28 96
28 97
28 98
28 103
28 107
28 108
28 110
28 112
28 114
28 115
28 116
28 122
28 125
28 130
28 131
28 132
28 135
28 136
28 141
28 142
28 145
28 147
28 148
28 152
28 155
28 156
28 158
28 159
28 161
28 162
28 167
28 168
28 170
28 173
28 174
28 175
28 178
28 179
28 180
28 181
28 182
28 183
28 184
28 187
28 189
28 192
28 193
28 195
28 197
29 31
29 32
29 33
29 38
29 39
29 40
29 41
29 42
29 43
29 44
29 46
29 47
29 50
29 52
29 53
29 56
29 58
29 59
29 61
29 65
29 67
29 70
29 74
29 78
29 80
29 81
29 83
29 85
29 86
29 87
29 88
29 89
29 90
29 91
29 92
29 93
29 96
29 97
29 98
29 100
29 101
29 102
29 103
29 104
29 105
29 107
29 109
29 111
29 112
29 114
29 118
29 122
29 123
29 124
29 125
29 133
29 134
29 136
29 137
29 138
29 139
29 141
29 143
29 144
29 145
29 147
29 148
29 149
29 150
29 153
29 155
29 156
29 159
29 162
29 164
29 166
29 167
29 169
29 170
29 173
29 174
29 176
29 180
29 182
29 186
29 187
29 192
29 196
29 199
30 31
30 32
30 36
30 37
30 40
30 42
30 44
30 45
30 46
30 52
30 55
30 59
30 61
30 63
30 66
30 71
30 72
30 74
30 75
30 76
30 77
30 78
30 80
30 81
30 83
30 85
30 86
30 87
30 88
30 89
30 90
30 91
30 94
30 98
30 100
30 102
30 103
30 105
30 107
30 108
30 109
30 110
30 112
30 116
30 117
30 118
30 119
30 120
30 121
30 122
30 126
30 127
30 128
30 129
30 130
30 132
30 139
30 140
30 142
30 144
30 147
30 150
30 152
30 153
30 154
30 155
30 157
30 158
30 162
30 165
30 166
30 167
30 169
30 171
30 172
30 173
30 176
30 178
30 179
30 185
30 186
30 187
30 190
30 192
30 194
30 196
30 197
30 199
31 33
31 34
31 38
31 39
31 40
31 41
31 42
31 43
31 45
31 47
31 48
31 49
31 50
31 51
31 52
31 55
31 57
31 58
31 60
31 63
31 66
31 67
31 69
31 72
31 73
31 77
31 79
31 84
31 85
31 87
31 90
31 92
31 95
31 96
31 97
31 98
31 107
31 112
31 113
31 116
31 117
31 121
31 125
31 126
31 127
31 129
31 130
31 133
31 134
31 136
31 141
31 142
31 147
31 153
31 154
31 156
31 157
31 158
31 159
31 161
31 162
31 163
31 164
31 169
31 170
31 171
31 172
31 182
31 183
31 184
31 185
31 186
31 188
31 189
31 190
31 191
31 192
31 195
31 196
31 199
32 33
32 34
32 35
32 36
32 38
32 40
32 44
32 45
32 46
32 47
32 48
32 49
32 51
32 52
32 53
32 55
32 56
32 57
32 59
32 60
32 62
32 63
32 65
32 68
32 69
32 72
32 73
32 76
32 77
32 78
32 79
32 80
32 81
32 82
32 83
32 84
32 85
32 86
32 87
32 88
32 89
32 92
32 93
32 95
32 96
32 97
32 98
32 104
32 105
32 107
32 108
32 109
32 110
32 113
32 115
32 116
32 119
32 120
32 121
32 122
32 124
32 125
32 128
32 129
32 130
32 132
32 135
32 137
32 138
32 141
32 142
32 143
32 144
32 146
32 152
32 153
32 154
32 156
32 157
32 158
32 160
32 162
32 165
32 167
32 170
32 171
32 173
32 174
32 176
32 180
32 181
32 182
32 184
32 186
32 187
32 188
32 189
32 191
32 192
32 194
32 195
33 34
33 35
33 36
33 37
33 39
33 40
33 42
33 43
33 46
33 47
33 48
33 50
33 52
33 54
33 56
33 58
33 59
33 61
33 63
33 65
33 66
33 67
33 73
33 78
33 83
33 84
33 85
33 86
33 87
33 88
33 90
33 95
33 96
33 99
33 104
33 107
33 109
33 112
33 115
33 116
33 117
33 118
33 120
33 122
33 125
33 128
33 130
33 132
33 133
33 141
33 142
33 144
33 146
33 148
33 150
33 155
33 156
33 157
33 159
33 160
33 162
33 165
33 166
33 167
33 170
33 173
33 174
33 176
33 177
33 179
33 181
33 182
33 184
33 185
33 186
33 188
33 189
33 190
33 192
33 193
33 194
33 196
33 197
33 198
33 199
34 41
34 44
34 46
34 47
34 48
34 49
34 50
34 54
34 57
34 58
34 62
34 63
34 66
34 69
34 71
34 74
34 75
34 77
34 78
34 80
34 81
34 85
34 88
34 90
34 91
34 93
34 96
34 98
34 99
34 102
34 104
34 107
34 110
34 111
34 112
34 116
34 119
34 120
34 121
34 122
34 123
34 124
34 126
34 129
34 130
34 132
34 133
34 136
34 137
34 138
34 139
34 141
34 142
34 144
34 146
34 147
34 149
34 151
34 152
34 158
34 159
34 161
34 162
34 165
34 170
34 176
34 179
34 181
34 182
34 183
34 184
34 185
34 186
34 187
34 188
34 189
34 190
34 191
34 192
34 193
34 194
35 36
35 39
35 40
35 41
35 42
35 43
35 44
35 45
35 47
35 48
35 50
35 51
35 54
35 59
35 61
35 62
35 63
35 64
35 65
35 66
35 67
35 68
35 69
35 70
35 78
35 81
35 83
35 84
35 89
35 90
35 91
35 92
35 93
35 94
35 97
35 100
35 101
35 104
35 105
35 114
35 117
35 118
35 122
35 124
35 126
35 127
35 128
35 129
35 130
35 131
35 132
35 134
35 135
35 137
35 138
35 140
35 141
35 142
35 147
35 158
35 161
35 163
35 164
35 165
35 166
35 168
35 169
35 172
35 173
35 177
35 181
35 183
35 186
35 190
35 194
35 195
35 197
35 199
36 40
36 43
36 44
36 48
36 49
36 50
36 52
36 57
36 64
36 69
36 71
36 73
36 74
36 75
36 76
36 77
36 79
36 81
36 82
36 83
36 84
36 89
36 91
36 93
36 94
36 95
36 96
36 97
36 99
36 100
36 102
36 103
36 104
36 106
36 109
36 110
36 111
36 113
36 115
36 118
36 120
36 122
36 124
36 125
36 130
36 133
36 134
36 135
36 136
36 137
36 138
36 139
36 140
36 141
36 142
36 143
36 144
36 145
36 147
36 149
36 151
36 152
36 153
36 155
36 156
36 158
36 165
36 166
36 167
36 170
36 171
36 172
36 173
36 174
36 176
36 178
36 180
36 181
36 182
36 183
36 184
36 185
36 186
36 187
36 188
36 194
36 196
36 197
36 198
37 38
37 39
37 44
37 45
37 46
37 47
37 48
37 50
37 52
37 56
37 58
37 61
37 63
37 64
37 65
37 67
37 68
37 71
37 75
37 78
37 83
37 84
37 85
37 86
37 88
37 92
37 94
37 96
37 98
37 99
37 102
37 103
37 105
37 108
37 111
37 114
37 115
37 116
37 118
37 119
37 120
37 126
37 127
37 132
37 135
37 144
37 145
37 146
37 147
37 150
37 151
37 154
37 156
37 157
37 158
37 160
37 161
37 162
37 165
37 166
37 168
37 170
37 172
37 173
37 174
37 175
37 176
37 177
37 178
37 180
37 181
37 182
37 184
37 186
37 191
37 192
37 193
37 199
38 42
38 43
38 46
38 48
38 49
38 54
38 57
38 58
38 60
38 62
38 63
38 64
38 65
38 66
38 68
38 70
38 72
38 73
38 74
38 75
38 76
38 77
38 80
38 81
38 82
38 83
38 84
38 85
38 86
38 88
38 90
38 91
38 92
38 94
38 98
38 102
38 103
38 105
38 108
38 110
38 111
38 112
38 113
38 115
38 117
38 118
38 120
38 122
38 123
38 124
38 125
38 126
38 127
38 130
38 132
38 136
38 137
38 139
38 141
38 142
38 143
38 144
38 145
38 147
38 148
38 149
38 151
38 154
38 155
38 156
38 157
38 161
38 162
38 163
38 164
38 165
38 166
38 170
38 173
38 174
38 175
38 176
38 179
38 180
38 181
38 182
38 183
38 190
38 191
38 192
38 194
38 195
38 196
38 197
38 198
39 41
39 43
39 46
39 47
39 48
39 50
39 51
39 52
39 53
39 55
39 56
39 57
39 59
39 62
39 63
39 64
39 65
39 66
39 67
39 68
39 69
39 70
39 73
39 76
39 78
39 79
39 83
39 84
39 85
39 86
39 88
39 91
39 95
39 98
39 100
39 102
39 105
39 108
39 110
39 111
39 113
39 114
39 117
39 118
39 119
39 122
39 127
39 129
39 131
39 135
39 136
39 141
39 143
39 146
39 147
39 149
39 151
39 153
39 158
39 159
39 163
39 164
39 165
39 166
39 167
39 168
39 169
39 171
39 176
39 177
39 178
39 183
39 184
39 186
39 189
39 190
39 191
39 192
39 193
39 194
39 196
39 197
39 198
40 42
40 44
40 46
40 48
40 55
40 59
40 60
40 63
40 66
40 67
40 68
40 69
40 72
40 73
40 74
40 78
40 80
40 81
40 90
40 91
40 92
40 95
40 96
40 99
40 102
40 104
40 110
40 111
40 112
40 114
40 116
40 117
40 118
40 120
40 124
40 125
40 126
40 127
40 128
40 130
40 139
40 141
40 142
40 143
40 144
40 145
40 146
40 148
40 150
40 152
40 153
40 154
40 155
40 156
40 158
40 160
40 161
40 162
40 166
40 168
40 175
40 178
40 180
40 181
40 186
40 187
40 188
40 190
40 192
40 199
41 45
41 47
41 48
41 50
41 53
41 55
41 56
41 57
41 60
41 61
41 62
41 63
41 66
41 67
41 69
41 70
41 72
41 74
41 75
41 78
41 79
41 82
41 83
41 87
41 90
41 97
41 99
41 100
41 101
41 102
41 103
41 104
41 106
41 108
41 109
41 111
41 114
41 117
41 119
41 120
41 121
41 122
41 123
41 129
41 130
41 132
41 133
41 137
41 139
41 141
41 142
41 143
41 144
41 145
41 147
41 149
41 151
41 152
41 153
41 154
41 156
41 157
41 159
41 160
41 161
41 165
41 169
41 173
41 175
41 178
41 179
41 180
41 181
41 184
41 188
41 190
41 193
42 43
42 46
42 47
42 49
42 51
42 56
42 58
42 61
42 63
42 67
42 69
42 71
42 72
42 75
42 76
42 77
42 78
42 82
42 83
42 86
42 88
42 89
42 91
42 92
42 93
42 95
42 99
42 100
42 104
42 105
42 106
42 107
42 109
42 113
42 119
42 122
42 124
42 125
42 128
42 132
42 133
42 134
42 137
42 138
42 140
42 141
42 142
42 144
42 145
42 148
42 151
42 153
42 154
42 156
42 158
42 160
42 161
42 162
42 165
42 166
42 167
42 168
42 170
42 171
42 173
42 175
42 178
42 179
42 181
42 183
42 189
42 190
42 192
42 193
42 197
43 44
43 45
43 46
43 49
43 51
43 56
43 59
43 60
43 61
43 63
43 66
43 68
43 69
43 71
43 72
43 73
43 75
43 76
43 77
43 79
43 82
43 83
43 84
43 85
43 88
43 89
43 90
43 96
43 98
43 99
43 102
43 104
43 105
43 107
43 108
43 112
43 113
43 115
43 116
43 117
43 118
43 122
43 123
43 126
43 132
43 133
43 134
43 135
43 139
43 140
43 141
43 145
43 146
43 147
43 152
43 153
43 159
43 160
43 161
43 163
43 164
43 167
43 169
43 170
43 172
43 177
43 178
43 180
43 184
43 186
43 192
43 196
43 197
43 198
43 199
44 45
44 46
44 47
44 52
44 53
44 56
44 57
44 58
44 60
44 61
44 64
44 65
44 67
44 69
44 70
44 71
44 73
44 75
44 76
44 77
44 78
44 80
44 84
44 87
44 89
44 92
44 96
44 99
44 101
44 102
44 103
44 104
44 105
44 108
44 109
44 111
44 112
44 116
44 118
44 119
44 120
44 122
44 124
44 125
44 129
44 132
44 133
44 135
44 136
44 139
44 140
44 144
44 145
44 146
44 149
44 150
44 151
44 152
44 153
44 154
44 155
44 157
44 158
44 159
44 160
44 161
44 162
44 163
44 165
44 166
44 168
44 169
44 170
44 173
44 174
44 177
44 181
44 188
44 190
44 193
44 196
45 48
45 49
45 51
45 52
45 54
45 55
45 57
45 58
45 61
45 62
45 64
45 66
45 67
45 69
45 70
45 71
45 72
45 76
45 77
45 78
45 79
45 81
45 83
45 84
45 85
45 86
45 88
45 90
45 92
45 93
45 95
45 96
45 98
45 99
45 102
45 103
45 105
45 106
45 108
45 109
45 110
45 111
45 112
45 119
45 121
45 123
45 128
45 129
45 135
45 136
45 141
45 144
45 145
45 146
45 150
45 151
45 152
45 153
45 154
45 155
45 156
45 157
45 160
45 161
45 163
45 166
45 169
45 173
45 174
45 176
45 178
45 180
45 182
45 183
45 184
45 185
45 188
45 189
45 192
45 197
45 198
46 51
46 52
46 55
46 56
46 57
46 59
46 60
46 61
46 65
46 69
46 70
46 73
46 75
46 77
46 80
46 81
46 83
46 85
46 86
46 87
46 89
46 90
46 92
46 93
46 95
46 96
46 97
46 98
46 101
46 102
46 104
46 105
46 106
46 107
46 108
46 109
46 110
46 112
46 113
46 115
46 116
46 119
46 120
46 121
46 122
46 123
46 125
46 128
46 131
46 132
46 133
46 134
46 135
46 141
46 142
46 143
46 145
46 148
46 149
46 151
46 152
46 157
46 161
46 163
46 164
46 165
46 167
46 168
46 170
46 171
46 174
46 175
46 176
46 177
46 179
46 180
46 181
46 183
46 184
46 186
46 187
46 189
46 191
46 193
46 195
47 48
47 49
47 50
47 52
47 53
47 54
47 56
47 59
47 60
47 64
47 66
47 69
47 78
47 79
47 80
47 82
47 84
47 86
47 87
47 94
47 95
47 98
47 101
47 103
47 104
47 108
47 109
47 112
47 113
47 114
47 115
47 116
47 118
47 119
47 121
47 122
47 123
47 125
47 126
47 127
47 130
47 131
47 132
47 133
47 135
47 138
47 139
47 140
47 141
47 143
47 145
47 148
47 149
47 150
47 151
47 153
47 156
47 157
47 158
47 159
47 164
47 165
47 167
47 169
47 172
47 173
47 178
47 180
47 184
47 185
47 187
47 188
47 191
47 197
47 199
48 53
48 54
48 55
48 57
48 58
48 60
48 61
48 63
48 64
48 65
48 67
48 68
48 70
48 71
48 72
48 73
48 74
48 75
48 77
48 81
48 82
48 83
48 84
48 86
48 87
48 91
48 93
48 96
48 97
48 98
48 102
48 103
48 107
48 108
48 112
48 113
48 115
48 116
48 117
48 120
48 121
48 126
48 128
48 129
48 130
48 131
48 132
48 137
48 141
48 142
48 143
48 144
48 146
48 149
48 150
48 153
48 155
48 157
48 158
48 160
48 161
48 164
48 165
48 166
48 168
48 169
48 170
48 171
48 172
48 174
48 175
48 179
48 181
48 185
48 187
48 192
48 194
48 195
48 198
49 50
49 51
49 53
49 59
49 67
49 68
49 71
49 73
49 74
49 75
49 77
49 78
49 83
49 84
49 88
49 89
49 90
49 92
49 97
49 100
49 101
49 102
49 104
49 105
49 106
49 108
49 109
49 110
49 111
49 112
49 119
49 122
49 123
49 125
49 127
49 128
49 132
49 134
49 135
49 139
49 140
49 143
49 144
49 146
49 147
49 148
49 149
49 150
49 151
49 153
49 155
49 157
49 158
49 159
49 162
49 163
49 166
49 169
49 171
49 175
49 176
49 179
49 184
49 186
49 187
49 188
49 191
49 194
49 199
50 53
50 54
50 57
50 59
50 62
50 63
50 64
50 66
50 69
50 73
50 75
50 81
50 83
50 86
50 87
50 88
50 93
50 94
50 96
50 98
50 99
50 100
50 103
50 106
50 108
50 109
50 111
50 112
50 113
50 117
50 118
50 119
50 120
50 123
50 124
50 126
50 129
50 130
50 133
50 136
50 139
50 141
50 143
50 146
50 147
50 148
50 152
50 157
50 164
50 167
50 169
50 170
50 174
50 175
50 176
50 177
50 178
50 179
50 182
50 183
50 184
50 188
50 190
50 192
50 193
50 194
50 195
50 196
50 197
50 199
51 52
51 53
51 55
51 58
51 59
51 60
51 61
51 64
51 65
51 66
51 68
51 72
51 73
51 74
51 75
51 80
51 81
51 82
51 83
51 85
51 89
51 90
51 91
51 93
51 95
51 96
51 97
51 102
51 103
51 105
51 106
51 107
51 109
51 111
51 114
51 115
51 116
51 117
51 118
51 119
51 120
51 121
51 124
51 125
51 127
51 129
51 131
51 133
51 137
51 139
51 140
51 142
51 144
51 145
51 147
51 148
51 152
51 156
51 160
51 162
51 163
51 168
51 171
51 173
51 175
51 177
51 178
51 180
51 182
51 183
51 184
51 188
51 189
51 190
51 191
51 193
51 194
51 196
51 197
51 198
52 54
52 57
52 58
52 61
52 62
52 65
52 69
52 71
52 72
52 73
52 75
52 78
52 80
52 84
52 86
52 87
52 88
52 91
52 93
52 96
52 97
52 98
52 101
52 102
52 103
52 104
52 108
52 110
52 111
52 113
52 114
52 115
52 119
52 120
52 121
52 122
52 124
52 125
52 130
52 132
52 134
52 135
52 136
52 139
52 140
52 142
52 143
52 144
52 145
52 148
52 156
52 157
52 158
52 159
52 160
52 162
52 163
52 165
52 166
52 167
52 168
52 172
52 174
52 176
52 177
52 179
52 180
52 182
52 183
52 184
52 187
52 188
52 189
52 190
52 191
52 192
52 193
52 195
52 196
52 197
52 199
53 54
53 58
53 61
53 62
53 63
53 64
53 65
53 66
53 70
53 73
53 74
53 78
53 81
53 82
53 83
53 84
53 86
53 87
53 88
53 89
53 90
53 91
53 95
53 96
53 98
53 99
53 106
53 107
53 111
53 112
53 114
53 116
53 118
53 121
53 126
53 127
53 128
53 129
53 131
53 132
53 134
53 136
53 138
53 139
53 140
53 142
53 144
53 147
53 148
53 150
53 152
53 153
53 154
53 155
53 156
53 158
53 160
53 161
53 165
53 166
53 167
53 169
53 170
53 173
53 174
53 175
53 178
53 179
53 180
53 181
53 183
53 184
53 186
53 191
53 192
53 194
53 195
53 196
54 56
54 58
54 59
54 62
54 66
54 68
54 69
54 70
54 72
54 77
54 80
54 81
54 85
54 90
54 96
54 98
54 99
54 100
54 101
54 102
54 104
54 106
54 107
54 109
54 110
54 111
54 112
54 113
54 118
54 119
54 120
54 121
54 124
54 126
54 127
54 128
54 133
54 135
54 139
54 143
54 144
54 145
54 146
54 149
54 151
54 154
54 155
54 157
54 159
54 160
54 161
54 163
54 167
54 171
54 172
54 175
54 176
54 178
54 183
54 185
54 187
54 189
54 190
54 191
54 194
54 196
54 198
55 56
55 57
55 63
55 64
55 65
55 66
55 70
55 74
55 76
55 77
55 79
55 82
55 88
55 92
55 93
55 94
55 95
55 97
55 98
55 101
55 104
55 106
55 108
55 109
55 112
55 114
55 115
55 116
55 118
55 119
55 122
55 124
55 125
55 126
55 128
55 129
55 130
55 131
55 134
55 135
55 138
55 139
55 141
55 145
55 146
55 148
55 152
55 154
55 156
55 157
55 163
55 165
55 166
55 167
55 169
55 170
55 171
55 172
55 176
55 178
55 182
55 183
55 184
55 188
55 189
55 190
55 191
55 193
55 194
55 196
55 197
55 199
56 57
56 58
56 59
56 63
56 64
56 65
56 66
56 67
56 69
56 70
56 71
56 72
56 74
56 75
56 76
56 77
56 81
56 84
56 86
56 89
56 92
56 93
56 97
56 99
56 106
56 107
56 110
56 112
56 114
56 118
56 121
56 122
56 125
56 126
56 128
56 131
56 132
56 133
56 134
56 140
56 141
56 142
56 143
56 144
56 145
56 147
56 148
56 151
56 152
56 154
56 157
56 158
56 159
56 162
56 166
56 167
56 168
56 169
56 170
56 171
56 172
56 173
56 174
56 176
56 178
56 181
56 183
56 184
56 185
56 188
56 189
56 190
56 191
56 196
56 198
56 199
57 58
57 62
57 64
57 65
57 66
57 67
57 71
57 72
57 73
57 75
57 76
57 78
57 80
57 82
57 83
57 84
57 88
57 92
57 94
57 96
57 97
57 99
57 101
57 102
57 104
57 105
57 107
57 108
57 111
57 116
57 118
57 119
57 122
57 125
57 131
57 137
57 138
57 139
57 142
57 143
57 145
57 147
57 148
57 152
57 154
57 155
57 156
57 158
57 160
57 161
57 162
57 163
57 164
57 165
57 168
57 169
57 170
57 171
57 172
57 173
57 174
57 176
57 178
57 183
57 187
57 188
57 190
57 191
57 195
57 196
57 197
57 198
58 65
58 66
58 67
58 68
58 69
58 70
58 72
58 73
58 78
58 79
58 81
58 82
58 83
58 84
58 86
58 88
58 90
58 92
58 93
58 94
58 95
58 96
58 98
58 99
58 100
58 102
58 104
58 105
58 110
58 111
58 112
58 117
58 119
58 122
58 123
58 124
58 126
58 128
58 131
58 132
58 133
58 134
58 136
58 137
58 139
58 141
58 142
58 143
58 144
58 145
58 151
58 152
58 154
58 155
58 158
58 159
58 163
58 164
58 165
58 167
58 169
58 170
58 171
58 172
58 174
58 175
58 177
58 179
58 180
58 181
58 186
58 188
58 189
58 191
58 192
58 196
59 60
59 62
59 63
59 66
59 70
59 71
59 74
59 76
59 78
59 80
59 86
59 89
59 91
59 94
59 95
59 99
59 100
59 110
59 115
59 116
59 118
59 122
59 128
59 132
59 133
59 134
59 135
59 136
59 141
59 144
59 145
59 146
59 147
59 157
59 158
59 161
59 162
59 165
59 166
59 171
59 172
59 173
59 175
59 176
59 178
59 179
59 181
59 183
59 184
59 187
59 188
59 190
59 191
59 193
59 196
59 197
60 61
60 62
60 64
60 65
60 66
60 67
60 68
60 69
60 70
60 71
60 72
60 73
60 76
60 80
60 81
60 84
60 89
60 91
60 92
60 96
60 97
60 98
60 99
60 100
60 104
60 105
60 106
60 107
60 108
60 110
60 111
60 112
60 114
60 116
60 118
60 119
60 123
60 125
60 126
60 127
60 128
60 131
60 138
60 139
60 141
60 143
60 148
60 149
60 155
60 157
60 158
60 160
60 163
60 164
60 166
60 167
60 168
60 169
60 173
60 176
60 180
60 181
60 183
60 184
60 185
60 186
60 188
60 190
60 191
60 194
60 195
60 199
61 63
61 66
61 69
61 70
61 72
61 74
61 75
61 78
61 80
61 82
61 83
61 84
61 85
61 88
61 89
61 90
61 91
61 92
61 93
61 94
61 98
61 99
61 100
61 101
61 105
61 107
61 111
61 112
61 116
61 117
61 119
61 120
61 121
61 126
61 127
61 128
61 129
61 131
61 134
61 137
61 140
61 142
61 144
61 146
61 147
61 148
61 150
61 153
61 157
61 160
61 163
61 165
61 166
61 167
61 170
61 171
61 172
61 173
61 175
61 176
61 178
61 179
61 180
61 181
61 182
61 183
61 185
61 186
61 187
61 190
61 193
61 194
61 195
61 196
62 63
62 66
62 73
62 74
62 75
62 78
62 79
62 81
62 86
62 89
62 90
62 93
62 95
62 96
62 100
62 103
62 104
62 106
62 107
62 111
62 114
62 115
62 117
62 119
62 120
62 121
62 122
62 126
62 136
62 139
62 140
62 141
62 143
62 145
62 147
62 150
62 151
62 155
62 157
62 160
62 161
62 162
62 165
62 166
62 171
62 172
62 173
62 174
62 175
62 179
62 181
62 183
62 185
62 186
62 188
62 190
62 192
62 194
62 195
63 64
63 65
63 67
63 71
63 76
63 78
63 80
63 82
63 83
63 85
63 87
63 89
63 92
63 93
63 95
63 96
63 98
63 100
63 101
63 102
63 103
63 105
63 107
63 108
63 109
63 110
63 111
63 114
63 115
63 117
63 120
63 121
63 122
63 123
63 124
63 126
63 128
63 130
63 131
63 134
63 136
63 137
63 138
63 140
63 143
63 147
63 149
63 150
63 153
63 155
63 156
63 157
63 158
63 159
63 162
63 163
63 166
63 168
63 170
63 171
63 175
63 177
63 180
63 182
63 183
63 186
63 188
63 189
63 190
63 193
63 195
63 198
64 65
64 71
64 72
64 73
64 74
64 75
64 76
64 79
64 81
64 83
64 84
64 85
64 88
64 89
64 90
64 91
64 92
64 96
64 98
64 99
64 100
64 104
64 105
64 106
64 107
64 109
64 111
64 114
64 117
64 119
64 120
64 122
64 124
64 126
64 128
64 130
64 133
64 134
64 135
64 136
64 137
64 138
64 144
64 145
64 146
64 148
64 150
64 151
64 152
64 153
64 156
64 159
64 162
64 163
64 166
64 168
64 171
64 175
64 179
64 183
64 184
64 185
64 187
64 191
64 192
64 194
64 195
64 196
64 198
65 66
65 68
65 70
65 71
65 72
65 73
65 75
65 76
65 77
65 78
65 79
65 85
65 86
65 87
65 89
65 91
65 93
65 98
65 99
65 101
65 103
65 104
65 105
65 107
65 109
65 110
65 112
65 115
65 119
65 120
65 122
65 124
65 127
65 130
65 135
65 138
65 139
65 141
65 143
65 144
65 145
65 146
65 148
65 149
65 150
65 156
65 160
65 163
65 166
65 168
65 171
65 173
65 176
65 177
65 179
65 181
65 186
65 188
65 192
65 194
65 195
65 197
66 72
66 74
66 77
66 79
66 80
66 81
66 84
66 90
66 91
66 93
66 94
66 102
66 103
66 105
66 106
66 107
66 108
66 110
66 113
66 114
66 115
66 117
66 119
66 120
66 121
66 124
66 126
66 128
66 129
66 130
66 132
66 133
66 134
66 137
66 144
66 150
66 153
66 156
66 158
66 167
66 172
66 173
66 176
66 179
66 181
66 183
66 184
66 185
66 191
66 192
66 194
66 195
66 196
66 199
67 68
67 69
67 71
67 72
67 73
67 75
67 78
67 79
67 80
67 81
67 84
67 86
67 92
67 94
67 98
67 105
67 107
67 108
67 110
67 111
67 114
67 117
67 118
67 121
67 123
67 124
67 125
67 128
67 129
67 132
67 135
67 136
67 141
67 142
67 143
67 145
67 146
67 147
67 149
67 150
67 152
67 153
67 154
67 155
67 156
67 158
67 160
67 161
67 165
67 167
67 168
67 172
67 173
67 174
67 178
67 179
67 180
67 182
67 183
67 184
67 186
67 189
67 190
67 193
67 194
67 195
67 198
67 199
68 69
68 74
68 78
68 79
68 82
68 83
68 84
68 86
68 88
68 93
68 96
68 98
68 99
68 100
68 102
68 103
68 104
68 105
68 107
68 110
68 111
68 112
68 113
68 114
68 117
68 120
68 124
68 125
68 128
68 131
68 132
68 133
68 135
68 137
68 138
68 139
68 140
68 145
68 146
68 147
68 150
68 151
68 154
68 155
68 156
68 159
68 161
68 166
68 167
68 169
68 176
68 179
68 181
68 182
68 184
68 185
68 188
68 191
68 194
68 196
68 197
68 198
69 72
69 73
69 76
69 77
69 78
69 80
69 85
69 86
69 90
69 91
69 94
69 96
69 104
69 105
69 106
69 108
69 111
69 112
69 113
69 115
69 116
69 120
69 122
69 124
69 129
69 130
69 132
69 133
69 136
69 137
69 139
69 140
69 141
69 144
69 145
69 147
69 148
69 150
69 153
69 155
69 156
69 157
69 158
69 159
69 162
69 165
69 169
69 170
69 173
69 174
69 175
69 177
69 179
69 182
69 183
69 184
69 186
69 187
69 188
69 192
69 194
69 195
69 198
69 199
70 72
70 73
70 77
70 80
70 81
70 83
70 84
70 87
70 90
70 92
70 94
70 95
70 97
70 100
70 105
70 106
70 108
70 111
70 114
70 117
70 120
70 121
70 122
70 123
70 128
70 131
70 132
70 134
70 135
70 137
70 138
70 139
70 140
70 143
70 144
70 147
70 148
70 150
70 151
70 152
70 153
70 155
70 156
70 163
70 164
70 166
70 169
70 170
70 171
70 172
70 173
70 175
70 177
70 178
70 179
70 180
70 186
70 188
70 189
70 190
70 192
70 193
70 194
70 197
70 199
71 72
71 74
71 75
71 76
71 77
71 78
71 83
71 84
71 85
71 86
71 88
71 89
71 91
71 93
71 98
71 102
71 104
71 106
71 112
71 114
71 121
71 124
71 129
71 131
71 133
71 134
71 136
71 138
71 140
71 142
71 145
71 147
71 151
71 152
71 154
71 155
71 156
71 157
71 159
71 161
71 162
71 163
71 164
71 165
71 166
71 169
71 171
71 173
71 176
71 177
71 178
71 180
71 181
71 182
71 184
71 185
71 187
71 189
71 195
71 197
71 199
72 73
72 78
72 81
72 83
72 84
72 85
72 87
72 89
72 90
72 92
72 93
72 96
72 98
72 99
72 100
72 103
72 105
72 106
72 108
72 111
72 112
72 113
72 116
72 118
72 119
72 121
72 122
72 124
72 125
72 126
72 129
72 131
72 135
72 136
72 137
72 138
72 141
72 142
72 144
72 146
72 147
72 149
72 151
72 153
72 154
72 155
72 156
72 157
72 158
72 159
72 164
72 165
72 166
72 167
72 171
72 174
72 175
72 177
72 179
72 180
72 181
72 182
72 183
72 185
72 186
72 189
72 190
72 191
72 192
72 197
72 199
73 76
73 78
73 79
73 80
73 81
73 83
73 85
73 86
73 88
73 91
73 95
73 96
73 103
73 111
73 112
73 113
73 115
73 118
73 121
73 123
73 126
73 127
73 130
73 131
73 133
73 137
73 138
73 139
73 140
73 141
73 142
73 143
73 145
73 147
73 148
73 150
73 151
73 152
73 153
73 154
73 156
73 158
73 161
73 162
73 164
73 166
73 172
73 173
73 174
73 177
73 180
73 181
73 189
73 190
73 191
73 192
73 194
73 198
73 199
74 81
74 82
74 83
74 85
74 86
74 87
74 89
74 90
74 91
74 94
74 97
74 99
74 101
74 103
74 105
74 106
74 107
74 108
74 110
74 113
74 116
74 117
74 120
74 122
74 123
74 124
74 126
74 131
74 133
74 136
74 140
74 141
74 142
74 143
74 144
74 145
74 146
74 148
74 150
74 151
74 152
74 156
74 157
74 158
74 160
74 162
74 163
74 164
74 166
74 169
74 170
74 171
74 172
74 175
74 178
74 179
74 186
74 187
74 188
74 190
74 192
74 194
75 76
75 81
75 82
75 83
75 84
75 85
75 87
75 91
75 92
75 93
75 95
75 96
75 100
75 101
75 102
75 103
75 104
75 105
75 108
75 110
75 111
75 112
75 113
75 114
75 118
75 122
75 123
75 124
75 126
75 130
75 131
75 132
75 133
75 134
75 135
75 138
75 145
75 146
75 151
75 155
75 157
75 158
75 160
75 162
75 163
75 164
75 169
75 173
75 174
75 178
75 179
75 180
75 181
75 182
75 184
75 186
75 188
75 189
75 191
75 193
75 194
75 195
75 196
75 197
75 199
76 77
76 80
76 81
76 82
76 85
76 91
76 92
76 94
76 97
76 98
76 100
76 101
76 102
76 103
76 104
76 106
76 107
76 109
76 111
76 112
76 113
76 114
76 115
76 117
76 125
76 126
76 127
76 128
76 130
76 131
76 132
76 135
76 136
76 139
76 140
76 143
76 144
76 146
76 147
76 149
76 150
76 151
76 152
76 156
76 157
76 159
76 160
76 162
76 163
76 164
76 165
76 167
76 168
76 170
76 171
76 172
76 178
76 181
76 182
76 186
76 190
76 191
76 192
76 194
76 195
76 196
77 80
77 82
77 84
77 87
77 89
77 91
77 92
77 93
77 96
77 104
77 106
77 107
77 108
77 109
77 110
77 112
77 114
77 118
77 119
77 120
77 122
77 124
77 127
77 128
77 131
77 136
77 140
77 142
77 147
77 149
77 151
77 152
77 153
77 155
77 156
77 158
77 159
77 162
77 165
77 171
77 173
77 175
77 176
77 180
77 181
77 182
77 183
77 185
77 188
77 189
77 191
77 192
77 193
77 194
77 197
77 198
78 80
78 82
78 83
78 84
78 85
78 87
78 89
78 92
78 93
78 94
78 96
78 98
78 100
78 101
78 102
78 104
78 106
78 109
78 110
78 112
78 113
78 115
78 117
78 118
78 124
78 126
78 129
78 131
78 132
78 134
78 137
78 138
78 141
78 142
78 143
78 144
78 147
78 149
78 151
78 152
78 154
78 158
78 162
78 164
78 166
78 167
78 172
78 173
78 174
78 175
78 181
78 183
78 186
78 187
78 188
78 189
78 190
78 191
78 193
78 194
78 195
78 198
78 199
79 80
79 82
79 84
79 88
79 90
79 91
79 95
79 96
79 97
79 103
79 104
79 105
79 106
79 107
79 108
79 111
79 113
79 122
79 124
79 125
79 127
79 128
79 129
79 131
79 133
79 134
79 135
79 136
79 140
79 143
79 145
79 148
79 149
79 150
79 151
79 152
79 153
79 154
79 157
79 158
79 159
79 163
79 164
79 165
79 166
79 167
79 169
79 171
79 173
79 178
79 179
79 183
79 184
79 187
79 195
79 196
79 197
79 199
80 82
80 84
80 90
80 92
80 93
80 94
80 95
80 96
80 97
80 100
80 101
80 103
80 104
80 106
80 107
80 109
80 111
80 113
80 115
80 116
80 122
80 129
80 132
80 134
80 135
80 136
80 143
80 146
80 149
80 150
80 151
80 152
80 153
80 155
80 160
80 165
80 166
80 167
80 171
80 173
80 175
80 179
80 180
80 186
80 188
80 192
80 193
80 194
80 196
80 197
80 199
81 82
81 84
81 85
81 86
81 89
81 90
81 94
81 95
81 97
81 98
81 99
81 102
81 104
81 108
81 110
81 113
81 116
81 120
81 122
81 124
81 126
81 139
81 140
81 141
81 144
81 152
81 153
81 154
81 158
81 159
81 160
81 161
81 164
81 166
81 167
81 169
81 170
81 174
81 175
81 178
81 183
81 184
81 186
81 187
81 188
81 189
81 190
81 191
81 192
81 195
81 196
81 198
82 84
82 89
82 90
82 92
82 93
82 96
82 97
82 98
82 99
82 102
82 103
82 104
82 105
82 107
82 113
82 114
82 115
82 119
82 120
82 122
82 123
82 125
82 126
82 127
82 128
82 129
82 130
82 132
82 135
82 138
82 139
82 141
82 143
82 144
82 146
82 147
82 148
82 149
82 150
82 153
82 156
82 160
82 162
82 165
82 166
82 168
82 169
82 171
82 173
82 175
82 176
82 177
82 178
82 182
82 183
82 184
82 185
82 187
82 188
82 190
82 192
82 197
82 198
83 86
83 89
83 92
83 98
83 100
83 102
83 104
83 106
83 107
83 111
83 114
83 115
83 116
83 117
83 118
83 120
83 122
83 125
83 127
83 128
83 130
83 132
83 133
83 136
83 142
83 143
83 148
83 149
83 150
83 151
83 152
83 153
83 155
83 156
83 158
83 159
83 161
83 163
83 164
83 165
83 166
83 168
83 170
83 174
83 175
83 192
83 195
83 198
83 199
84 85
84 86
84 88
84 89
84 90
84 91
84 92
84 94
84 95
84 98
84 101
84 102
84 103
84 104
84 108
84 109
84 110
84 111
84 113
84 115
84 116
84 117
84 119
84 122
84 123
84 124
84 127
84 128
84 131
84 135
84 136
84 137
84 138
84 143
84 146
84 151
84 155
84 156
84 157
84 159
84 160
84 163
84 168
84 173
84 174
84 176
84 177
84 178
84 179
84 181
84 184
84 185
84 192
84 194
84 199
85 86
85 88
85 90
85 93
85 94
85 97
85 98
85 99
85 103
85 104
85 105
85 106
85 107
85 108
85 112
85 113
85 114
85 116
85 117
85 122
85 123
85 124
85 127
85 129
85 133
85 134
85 136
85 139
85 143
85 145
85 146
85 147
85 149
85 152
85 156
85 157
85 158
85 160
85 161
85 164
85 167
85 168
85 170
85 171
85 173
85 174
85 178
85 180
85 181
85 183
85 185
85 186
85 187
85 190
85 191
85 192
85 194
85 196
85 197
85 198
86 87
86 88
86 91
86 92
86 94
86 97
86 98
86 100
86 101
86 102
86 105
86 109
86 111
86 112
86 113
86 117
86 119
86 120
86 121
86 122
86 131
86 134
86 138
86 139
86 140
86 142
86 144
86 145
86 147
86 148
86 150
86 151
86 152
86 153
86 154
86 162
86 163
86 165
86 166
86 168
86 170
86 171
86 175
86 176
86 177
86 179
86 180
86 181
86 186
86 188
86 190
86 191
86 192
86 193
86 194
86 197
87 88
87 91
87 93
87 94
87 96
87 98
87 99
87 102
87 105
87 106
87 111
87 112
87 113
87 115
87 118
87 119
87 120
87 123
87 125
87 126
87 128
87 133
87 135
87 139
87 140
87 141
87 143
87 146
87 148
87 151
87 155
87 156
87 159
87 162
87 165
87 167
87 169
87 170
87 171
87 173
87 174
87 177
87 178
87 180
87 181
87 182
87 188
87 190
87 192
87 193
87 195
87 196
87 198
87 199
88 89
88 91
88 92
88 93
88 95
88 97
88 101
88 102
88 103
88 106
88 109
88 113
88 115
88 117
88 119
88 121
88 122
88 130
88 133
88 137
88 138
88 140
88 142
88 148
88 150
88 152
88 153
88 154
88 155
88 158
88 159
88 160
88 162
88 166
88 167
88 169
88 170
88 171
88 172
88 173
88 174
88 175
88 178
88 179
88 180
88 181
88 183
88 185
88 186
88 188
88 194
88 196
88 198
88 199
89 91
89 92
89 94
89 96
89 97
89 99
89 100
89 101
89 102
89 103
89 104
89 106
89 109
89 110
89 111
89 113
89 114
89 115
89 116
89 117
89 121
89 123
89 125
89 128
89 129
89 131
89 133
89 134
89 135
89 137
89 139
89 140
89 141
89 147
89 150
89 152
89 159
89 162
89 164
89 165
89 166
89 169
89 174
89 175
89 177
89 182
89 187
89 190
89 191
89 193
89 198
90 91
90 93
90 94
90 97
90 98
90 100
90 102
90 109
90 110
90 112
90 114
90 115
90 118
90 119
90 121
90 125
90 126
90 127
90 128
90 129
90 130
90 131
90 132
90 133
90 134
90 136
90 139
90 140
90 141
90 143
90 145
90 147
90 150
90 151
90 152
90 153
90 154
90 158
90 159
90 160
90 162
90 166
90 167
90 170
90 171
90 172
90 174
90 176
90 177
90 179
90 180
90 181
90 183
90 187
90 188
90 189
90 191
90 193
90 196
90 197
90 199
91 93
91 94
91 97
91 98
91 100
91 101
91 102
91 103
91 104
91 107
91 108
91 110
91 114
91 115
91 117
91 119
91 120
91 122
91 123
91 129
91 131
91 134
91 135
91 136
91 137
91 138
91 141
91 150
91 153
91 157
91 158
91 159
91 160
91 161
91 165
91 168
91 169
91 170
91 172
91 176
91 180
91 181
91 186
91 193
92 95
92 96
92 99
92 100
92 101
92 104
92 106
92 107
92 109
92 110
92 111
92 112
92 118
92 119
92 120
92 121
92 128
92 129
92 135
92 136
92 140
92 142
92 144
92 147
92 148
92 150
92 151
92 152
92 154
92 155
92 156
92 162
92 164
92 165
92 166
92 167
92 168
92 169
92 170
92 173
92 175
92 176
92 177
92 178
92 181
92 183
92 186
92 187
92 188
92 189
92 190
92 192
92 195
92 196
92 197
92 198
92 199
93 95
93 96
93 98
93 99
93 100
93 102
93 107
93 108
93 112
93 114
93 117
93 120
93 121
93 124
93 125
93 129
93 130
93 133
93 134
93 135
93 140
93 141
93 142
93 144
93 149
93 150
93 151
93 153
93 154
93 157
93 158
93 160
93 163
93 165
93 166
93 167
93 168
93 169
93 170
93 172
93 174
93 175
93 177
93 178
93 182
93 184
93 187
93 188
93 189
93 191
93 192
93 193
93 194
93 195
93 196
94 96
94 97
94 99
94 101
94 102
94 103
94 106
94 107
94 109
94 111
94 112
94 116
94 117
94 118
94 119
94 120
94 121
94 122
94 123
94 124
94 125
94 127
94 128
94 130
94 131
94 132
94 134
94 136
94 138
94 139
94 140
94 141
94 142
94 143
94 144
94 146
94 148
94 149
94 151
94 152
94 153
94 159
94 160
94 161
94 165
94 166
94 168
94 169
94 170
94 171
94 172
94 173
94 174
94 175
94 177
94 179
94 180
94 181
94 183
94 184
94 185
94 186
94 187
94 191
94 194
94 196
95 98
95 103
95 104
95 107
95 108
95 110
95 112
95 113
95 114
95 115
95 117
95 118
95 122
95 126
95 129
95 138
95 139
95 140
95 141
95 142
95 144
95 146
95 147
95 149
95 150
95 154
95 157
95 158
95 162
95 165
95 169
95 170
95 177
95 178
95 179
95 185
95 186
95 188
95 189
95 192
95 195
95 196
95 197
95 198
96 99
96 101
96 102
96 103
96 105
96 107
96 108
96 112
96 113
96 114
96 123
96 127
96 132
96 137
96 138
96 139
96 141
96 142
96 150
96 153
96 155
96 157
96 159
96 161
96 166
96 170
96 171
96 173
96 174
96 175
96 176
96 181
96 182
96 184
96 186
96 187
96 188
96 189
96 192
96 196
96 197
96 198
96 199
97 101
97 103
97 104
97 106
97 108
97 111
97 116
97 117
97 120
97 123
97 124
97 125
97 126
97 128
97 132
97 133
97 135
97 141
97 142
97 143
97 144
97 149
97 150
97 153
97 156
97 161
97 164
97 167
97 168
97 170
97 171
97 178
97 182
97 183
97 184
97 186
97 187
97 189
97 190
97 193
97 195
97 196
97 197
97 198
97 199
98 99
98 100
98 101
98 104
98 105
98 106
98 107
98 108
98 109
98 111
98 113
98 115
98 116
98 117
98 118
98 119
98 120
98 121
98 122
98 123
98 124
98 126
98 127
98 129
98 130
98 135
98 136
98 137
98 139
98 140
98 141
98 143
98 144
98 145
98 146
98 148
98 149
98 151
98 152
98 153
98 156
98 158
98 160
98 161
98 163
98 164
98 167
98 171
98 172
98 173
98 178
98 179
98 182
98 183
98 184
98 185
98 186
98 187
98 191
98 192
98 194
98 195
98 199
99 101
99 105
99 109
99 110
99 112
99 113
99 117
99 122
99 123
99 124
99 125
99 126
99 127
99 129
99 131
99 133
99 136
99 137
99 139
99 140
99 141
99 144
99 145
99 147
99 148
99 150
99 151
99 153
99 154
99 157
99 158
99 160
99 162
99 164
99 165
99 166
99 167
99 170
99 173
99 174
99 177
99 179
99 180
99 181
99 182
99 183
99 185
99 189
99 192
99 194
99 195
100 103
100 104
100 105
100 108
100 109
100 110
100 112
100 114
100 115
100 116
100 117
100 119
100 120
100 124
100 125
100 126
100 127
100 131
100 132
100 135
100 137
100 138
100 139
100 140
100 144
100 146
100 150
100 160
100 161
100 164
100 165
100 167
100 168
100 172
100 173
100 174
100 176
100 178
100 179
100 180
100 183
100 185
100 187
100 189
100 191
100 192
100 194
100 195
100 196
100 197
101 106
101 107
101 111
101 115
101 122
101 123
101 126
101 127
101 128
101 134
101 135
101 138
101 140
101 143
101 154
101 155
101 156
101 160
101 163
101 166
101 167
101 169
101 170
101 172
101 173
101 174
101 175
101 181
101 185
101 187
101 188
101 191
101 193
101 195
101 196
101 198
101 199
102 103
102 105
102 108
102 110
102 111
102 112
102 114
102 116
102 117
102 119
102 121
102 122
102 124
102 126
102 127
102 130
102 131
102 132
102 135
102 137
102 138
102 139
102 142
102 143
102 144
102 149
102 150
102 152
102 155
102 157
102 158
102 160
102 162
102 164
102 165
102 166
102 168
102 170
102 172
102 173
102 174
102 176
102 177
102 181
102 182
102 183
102 185
102 187
102 188
102 189
102 190
102 192
102 194
102 197
103 106
103 107
103 108
103 109
103 110
103 112
103 113
103 114
103 116
103 117
103 119
103 124
103 125
103 126
103 130
103 131
103 132
103 133
103 135
103 136
103 137
103 138
103 140
103 144
103 149
103 152
103 153
103 154
103 156
103 158
103 159
103 160
103 161
103 162
103 167
103 174
103 175
103 176
103 179
103 180
103 184
103 186
103 189
103 190
103 192
103 194
103 195
103 196
103 197
103 199
104 105
104 106
104 107
104 111
104 113
104 115
104 116
104 117
104 119
104 120
104 123
104 127
104 129
104 135
104 137
104 141
104 142
104 143
104 147
104 148
104 149
104 150
104 154
104 155
104 159
104 160
104 164
104 166
104 167
104 168
104 169
104 171
104 179
104 180
104 181
104 182
104 183
104 184
104 189
104 192
104 193
104 194
104 196
104 197
105 106
105 107
105 109
105 110
105 112
105 114
105 116
105 117
105 118
105 119
105 122
105 124
105 127
105 129
105 133
105 134
105 135
105 136
105 142
105 143
105 144
105 148
105 149
105 150
105 152
105 153
105 154
105 156
105 158
105 165
105 166
105 167
105 168
105 169
105 171
105 173
105 174
105 175
105 176
105 177
105 178
105 179
105 182
105 185
105 186
105 188
105 189
105 191
105 192
105 193
105 196
106 107
106 111
106 112
106 113
106 115
106 116
106 117
106 123
106 124
106 128
106 133
106 136
106 139
106 142
106 143
106 146
106 147
106 148
106 150
106 153
106 156
106 159
106 160
106 162
106 163
106 168
106 170
106 171
106 172
106 175
106 176
106 177
106 178
106 179
106 180
106 181
106 182
106 183
106 186
106 190
106 192
106 194
106 195
106 196
106 197
107 109
107 111
107 112
107 113
107 114
107 116
107 117
107 119
107 120
107 121
107 122
107 124
107 125
107 127
107 128
107 130
107 131
107 132
107 133
107 135
107 137
107 138
107 139
107 142
107 143
107 144
107 147
107 148
107 149
107 151
107 153
107 157
107 159
107 161
107 162
107 163
107 165
107 166
107 168
107 170
107 172
107 173
107 174
107 175
107 179
107 180
107 183
107 188
107 190
107 192
107 195
107 196
107 198
108 109
108 112
108 113
108 114
108 118
108 123
108 126
108 127
108 128
108 129
108 130
108 134
108 135
108 136
108 138
108 139
108 140
108 141
108 142
108 144
108 145
108 149
108 152
108 157
108 163
108 165
108 167
108 168
108 169
108 170
108 171
108 172
108 174
108 177
108 178
108 179
108 180
108 184
108 186
108 187
108 188
108 190
108 191
108 196
108 197
109 111
109 113
109 114
109 116
109 121
109 122
109 125
109 128
109 129
109 131
109 135
109 137
109 139
109 140
109 142
109 143
109 147
109 148
109 153
109 154
109 155
109 160
109 161
109 163
109 164
109 166
109 167
109 168
109 170
109 171
109 172
109 173
109 174
109 178
109 179
109 180
109 182
109 186
109 191
109 194
109 195
109 196
109 198
110 114
110 118
110 119
110 123
110 124
110 125
110 130
110 132
110 134
110 140
110 143
110 144
110 145
110 146
110 148
110 158
110 160
110 162
110 163
110 164
110 165
110 166
110 167
110 170
110 173
110 174
110 176
110 177
110 179
110 181
110 182
110 184
110 185
110 186
110 187
110 190
110 192
110 194
110 195
110 199
111 114
111 115
111 117
111 119
111 120
111 122
111 128
111 130
111 131
111 135
111 136
111 139
111 141
111 143
111 144
111 145
111 146
111 147
111 150
111 152
111 153
111 156
111 158
111 160
111 164
111 165
111 169
111 170
111 171
111 172
111 173
111 176
111 177
111 179
111 180
111 182
111 184
111 187
111 188
111 194
111 195
111 198
112 113
112 114
112 115
112 116
112 117
112 118
112 120
112 121
112 122
112 124
112 127
112 132
112 135
112 136
112 138
112 139
112 140
112 145
112 146
112 149
112 152
112 154
112 156
112 159
112 160
112 161
112 162
112 165
112 166
112 168
112 170
112 171
112 172
112 174
112 178
112 179
112 180
112 183
112 191
112 193
112 195
112 197
112 198
113 114
113 118
113 119
113 120
113 126
113 127
113 131
113 134
113 135
113 136
113 137
113 139
113 140
113 141
113 143
113 145
113 147
113 149
113 151
113 152
113 153
113 154
113 156
113 158
113 160
113 162
113 163
113 164
113 166
113 167
113 168
113 172
113 174
113 175
113 179
113 180
113 182
113 184
113 194
113 195
113 196
113 199
114 115
114 116
114 117
114 119
114 121
114 122
114 125
114 126
114 131
114 133
114 136
114 138
114 139
114 140
114 144
114 145
114 146
114 148
114 152
114 156
114 158
114 161
114 164
114 165
114 169
114 171
114 173
114 176
114 177
114 178
114 179
114 181
114 186
114 187
114 189
114 192
114 195
114 196
114 197
114 198
114 199
115 117
115 119
115 120
115 122
115 123
115 126
115 127
115 129
115 131
115 132
115 135
115 146
115 147
115 148
115 152
115 153
115 158
115 159
115 160
115 163
115 166
115 170
115 171
115 172
115 175
115 180
115 182
115 184
115 185
115 186
115 189
115 190
115 194
115 195
116 117
116 118
116 120
116 121
116 122
116 123
116 125
116 126
116 129
116 131
116 133
116 136
116 139
116 141
116 142
116 143
116 144
116 145
116 146
116 147
116 148
116 150
116 153
116 154
116 155
116 157
116 159
116 161
116 164
116 168
116 176
116 178
116 179
116 181
116 182
116 185
116 186
116 191
116 193
116 195
116 196
117 118
117 120
117 124
117 125
117 131
117 132
117 134
117 135
117 136
117 137
117 139
117 140
117 143
117 144
117 145
117 146
117 147
117 148
117 149
117 153
117 154
117 158
117 160
117 162
117 165
117 170
117 171
117 172
117 173
117 175
117 176
117 178
117 179
117 180
117 181
117 182
117 183
117 187
117 190
117 191
117 193
117 195
117 198
117 199
118 125
118 126
118 127
118 129
118 131
118 132
118 134
118 135
118 136
118 137
118 139
118 141
118 143
118 144
118 145
118 146
118 147
118 148
118 151
118 152
118 155
118 156
118 161
118 163
118 165
118 166
118 168
118 174
118 176
118 180
118 182
118 183
118 184
118 186
118 187
118 188
118 191
118 193
118 197
119 120
119 122
119 123
119 126
119 129
119 130
119 134
119 139
119 144
119 145
119 147
119 152
119 155
119 156
119 157
119 158
119 159
119 160
119 162
119 164
119 165
119 167
119 169
119 170
119 175
119 177
119 180
119 182
119 183
119 184
119 186
119 187
119 188
119 190
119 191
119 192
119 194
119 195
119 196
120 121
120 124
120 126
120 127
120 129
120 130
120 131
120 132
120 133
120 136
120 137
120 143
120 144
120 145
120 146
120 147
120 148
120 150
120 153
120 154
120 155
120 157
120 159
120 160
120 162
120 163
120 164
120 166
120 167
120 168
120 171
120 173
120 174
120 176
120 177
120 178
120 179
120 181
120 185
120 187
120 194
120 195
120 197
120 198
121 125
121 126
121 127
121 131
121 134
121 135
121 136
121 138
121 143
121 146
121 147
121 148
121 150
121 151
121 152
121 153
121 154
121 156
121 157
121 159
121 161
121 162
121 164
121 167
121 169
121 172
121 174
121 175
121 176
121 177
121 183
121 184
121 185
121 186
121 191
121 193
121 195
121 197
121 198
122 123
122 124
122 125
122 126
122 127
122 133
122 135
122 137
122 140
122 142
122 143
122 144
122 147
122 148
122 150
122 151
122 154
122 155
122 161
122 163
122 168
122 172
122 173
122 177
122 178
122 179
122 180
122 182
122 183
122 186
122 188
122 190
122 191
122 194
122 196
122 197
122 199
123 126
123 127
123 128
123 131
123 132
123 133
123 134
123 136
123 137
123 139
123 140
123 141
123 142
123 144
123 148
123 150
123 157
123 159
123 160
123 161
123 165
123 166
123 168
123 169
123 170
123 172
123 174
123 176
123 178
123 179
123 181
123 183
123 186
123 188
123 189
123 191
123 196
123 197
124 125
124 130
124 132
124 134
124 137
124 138
124 140
124 142
124 144
124 148
124 149
124 151
124 153
124 159
124 160
124 164
124 165
124 170
124 172
124 177
124 178
124 179
124 180
124 183
124 185
124 186
124 188
124 190
124 191
124 195
124 199
125 128
125 130
125 131
125 133
125 134
125 136
125 137
125 138
125 139
125 141
125 142
125 143
125 150
125 151
125 152
125 156
125 157
125 158
125 159
125 160
125 164
125 166
125 170
125 172
125 174
125 177
125 178
125 179
125 180
125 181
125 182
125 183
125 187
125 189
125 190
125 193
125 197
125 198
125 199
126 127
126 128
126 129
126 132
126 135
126 136
126 137
126 138
126 139
126 140
126 142
126 146
126 150
126 152
126 154
126 155
126 158
126 159
126 160
126 163
126 165
126 168
126 170
126 172
126 176
126 177
126 178
126 182
126 185
126 186
126 188
126 191
126 192
126 193
126 195
126 197
126 198
126 199
127 128
127 133
127 134
127 135
127 137
127 141
127 144
127 145
127 147
127 148
127 149
127 150
127 152
127 155
127 156
127 158
127 159
127 161
127 163
127 164
127 165
127 166
127 168
127 169
127 170
127 175
127 179
127 180
127 185
127 187
127 189
127 190
127 191
127 192
127 193
127 195
127 196
127 199
128 130
128 132
128 135
128 136
128 137
128 138
128 141
128 142
128 145
128 146
128 150
128 153
128 155
128 157
128 161
128 162
128 163
128 164
128 166
128 167
128 168
128 169
128 171
128 172
128 174
128 175
128 177
128 178
128 181
128 183
128 184
128 186
128 188
128 189
128 190
128 191
128 194
128 197
128 198
128 199
129 132
129 133
129 134
129 135
129 136
129 137
129 138
129 139
129 146
129 147
129 151
129 153
129 158
129 159
129 160
129 164
129 165
129 166
129 167
129 168
129 169
129 176
129 177
129 178
129 179
129 180
129 181
129 184
129 186
129 187
129 188
129 191
129 192
129 196
130 133
130 134
130 135
130 139
130 140
130 141
130 143
130 144
130 146
130 148
130 151
130 152
130 158
130 161
130 163
130 165
130 166
130 167
130 172
130 175
130 176
130 177
130 178
130 181
130 183
130 184
130 186
130 187
130 189
130 190
130 192
130 196
131 132
131 133
131 136
131 137
131 141
131 142
131 144
131 145
131 146
131 147
131 149
131 151
131 152
131 154
131 155
131 157
131 160
131 162
131 163
131 164
131 165
131 167
131 168
131 171
131 172
131 177
131 178
131 179
131 181
131 185
131 191
131 193
131 194
131 196
131 199
132 133
132 134
132 137
132 139
132 141
132 143
132 148
132 149
132 150
132 151
132 153
132 154
132 158
132 159
132 160
132 161
132 163
132 164
132 166
132 167
132 168
132 170
132 171
132 173
132 175
132 177
132 181
132 182
132 183
132 184
132 185
132 187
132 188
132 189
132 194
132 196
133 134
133 138
133 146
133 149
133 153
133 154
133 160
133 161
133 162
133 164
133 165
133 169
133 170
133 172
133 176
133 177
133 180
133 183
133 184
133 185
133 192
133 197
134 135
134 138
134 141
134 142
134 148
134 149
134 151
134 153
134 157
134 160
134 167
134 168
134 169
134 170
134 172
134 173
134 174
134 175
134 176
134 177
134 179
134 182
134 186
134 187
134 188
134 195
134 196
134 198
134 199
135 136
135 139
135 140
135 143
135 146
135 150
135 152
135 155
135 160
135 161
135 162
135 164
135 165
135 166
135 167
135 168
135 169
135 170
135 172
135 174
135 175
135 183
135 184
135 186
135 187
135 190
135 191
135 193
135 194
135 197
135 198
135 199
136 137
136 138
136 142
136 144
136 145
136 147
136 148
136 152
136 153
136 155
136 156
136 160
136 161
136 166
136 167
136 172
136 173
136 174
136 175
136 176
136 177
136 178
136 181
136 182
136 183
136 184
136 185
136 190
136 191
136 194
136 195
136 197
136 198
137 139
137 140
137 142
137 143
137 146
137 148
137 149
137 150
137 151
137 152
137 153
137 154
137 157
137 159
137 160
137 162
137 164
137 166
137 168
137 169
137 170
137 171
137 173
137 174
137 176
137 177
137 178
137 180
137 181
137 183
137 184
137 185
137 186
137 188
137 189
137 190
137 191
137 193
137 194
137 195
137 196
137 197
137 198
138 145
138 149
138 151
138 155
138 157
138 160
138 161
138 164
138 165
138 166
138 168
138 170
138 171
138 172
138 173
138 178
138 179
138 182
138 184
138 185
138 188
138 191
138 193
138 196
138 198
138 199
139 140
139 143
139 146
139 147
139 149
139 150
139 151
139 154
139 155
139 157
139 158
139 159
139 161
139 163
139 166
139 167
139 169
139 172
139 175
139 176
139 177
139 180
139 181
139 183
139 184
139 185
139 186
139 187
139 188
139 192
139 194
139 198
139 199
140 141
140 142
140 143
140 144
140 146
140 147
140 148
140 149
140 151
140 156
140 157
140 158
140 160
140 162
140 166
140 167
140 169
140 170
140 173
140 174
140 182
140 183
140 188
140 189
140 190
140 193
140 195
140 196
140 198
140 199
141 142
141 146
141 151
141 153
141 154
141 157
141 160
141 161
141 164
141 165
141 166
141 168
141 169
141 170
141 171
141 172
141 176
141 178
141 179
141 184
141 186
141 188
141 191
141 192
141 193
141 196
141 197
141 198
141 199
142 143
142 147
142 149
142 151
142 154
142 156
142 157
142 160
142 161
142 163
142 164
142 165
142 166
142 167
142 168
142 170
142 171
142 173
142 174
142 178
142 181
142 183
142 185
142 186
142 187
142 189
142 190
142 191
142 192
142 193
142 194
142 196
142 197
142 199
143 144
143 145
143 148
143 149
143 150
143 151
143 155
143 157
143 162
143 166
143 170
143 175
143 178
143 181
143 185
143 186
143 187
143 188
143 189
143 190
143 191
143 192
143 193
143 194
143 198
143 199
144 146
144 148
144 149
144 150
144 151
144 152
144 153
144 154
144 156
144 157
144 158
144 159
144 160
144 164
144 165
144 170
144 172
144 174
144 175
144 179
144 180
144 181
144 184
144 186
144 190
144 191
144 192
144 195
144 196
144 197
144 199
145 147
145 151
145 152
145 153
145 154
145 156
145 160
145 162
145 164
145 167
145 172
145 173
145 176
145 179
145 183
145 184
145 185
145 187
145 193
145 194
145 195
146 147
146 148
146 149
146 151
146 153
146 155
146 156
146 158
146 163
146 164
146 165
146 169
146 172
146 178
146 180
146 184
146 185
146 186
146 187
146 189
146 190
146 191
146 192
146 194
146 195
146 196
146 197
146 199
147 153
147 157
147 159
147 161
147 164
147 166
147 167
147 168
147 173
147 174
147 176
147 177
147 180
147 183
147 184
147 185
147 186
147 187
147 188
147 189
147 190
147 192
147 194
147 195
148 149
148 150
148 152
148 153
148 156
148 158
148 163
148 165
148 166
148 167
148 168
148 174
148 175
148 176
148 177
148 178
148 179
148 180
148 182
148 184
148 187
148 189
148 190
148 191
148 192
148 195
148 198
148 199
149 151
149 152
149 154
149 156
149 157
149 158
149 161
149 162
149 165
149 168
149 170
149 172
149 174
149 175
149 176
149 177
149 178
149 179
149 180
149 182
149 184
149 185
149 186
149 187
149 188
149 191
149 196
149 197
150 152
150 155
150 157
150 159
150 160
150 166
150 168
150 172
150 173
150 175
150 176
150 177
150 179
150 181
150 182
150 185
150 187
150 188
150 190
150 193
150 196
150 197
150 198
151 157
151 159
151 162
151 163
151 164
151 166
151 170
151 173
151 174
151 175
151 176
151 177
151 179
151 181
151 183
151 184
151 186
151 189
151 190
151 192
151 194
151 195
151 197
151 199
152 154
152 157
152 158
152 161
152 162
152 164
152 165
152 168
152 170
152 172
152 174
152 175
152 178
152 179
152 180
152 182
152 184
152 185
152 186
152 188
152 190
152 193
152 195
152 196
152 198
152 199
153 156
153 157
153 159
153 160
153 161
153 162
153 163
153 165
153 168
153 169
153 171
153 173
153 174
153 176
153 178
153 180
153 181
153 182
153 183
153 185
153 186
153 194
153 195
153 197
153 198
153 199
154 155
154 159
154 161
154 164
154 165
154 166
154 167
154 170
154 173
154 174
154 175
154 176
154 181
154 183
154 185
154 186
154 187
154 188
154 190
154 192
154 194
154 195
154 197
154 198
154 199
155 156
155 157
155 162
155 166
155 167
155 168
155 170
155 171
155 172
155 173
155 180
155 182
155 183
155 184
155 187
155 189
155 190
155 192
155 197
155 198
156 159
156 161
156 162
156 164
156 165
156 166
156 167
156 168
156 170
156 171
156 173
156 176
156 180
156 183
156 185
156 188
156 189
156 190
156 191
156 192
156 194
156 197
157 161
157 162
157 165
157 166
157 167
157 168
157 173
157 177
157 184
157 187
157 189
157 190
157 192
157 193
157 197
158 163
158 165
158 166
158 167
158 172
158 173
158 175
158 180
158 181
158 183
158 184
158 188
158 189
158 190
158 193
158 194
158 197
159 160
159 161
159 165
159 168
159 170
159 173
159 177
159 178
159 179
159 180
159 181
159 183
159 186
159 187
159 188
159 189
159 190
159 193
159 194
159 195
159 198
160 162
160 163
160 164
160 165
160 166
160 167
160 169
160 171
160 174
160 175
160 177
160 179
160 180
160 182
160 184
160 185
160 186
160 187
160 190
160 191
160 194
160 195
160 199
161 162
161 163
161 165
161 166
161 167
161 169
161 172
161 173
161 175
161 177
161 178
161 179
161 180
161 185
161 187
161 188
161 192
161 193
161 195
161 196
161 198
162 163
162 165
162 166
162 167
162 172
162 174
162 175
162 176
162 177
162 179
162 180
162 183
162 185
162 187
162 190
162 191
162 192
162 193
162 194
162 195
162 196
162 198
163 164
163 165
163 166
163 167
163 169
163 171
163 173
163 176
163 178
163 183
163 185
163 186
163 191
163 192
163 195
163 198
163 199
164 165
164 167
164 168
164 169
164 170
164 171
164 173
164 174
164 175
164 179
164 180
164 181
164 182
164 185
164 186
164 187
164 190
164 191
164 194
164 195
164 196
164 197
164 198
164 199
165 166
165 167
165 168
165 169
165 177
165 182
165 183
165 185
165 186
165 187
165 189
165 190
165 192
165 193
165 194
165 195
166 167
166 170
166 173
166 174
166 176
166 177
166 178
166 179
166 180
166 185
166 187
166 188
166 189
166 193
166 196
167 170
167 171
167 175
167 180
167 181
167 183
167 184
167 185
167 186
167 187
167 189
167 192
167 194
168 169
168 170
168 171
168 173
168 174
168 175
168 178
168 182
168 184
168 185
168 186
168 187
168 189
168 193
168 194
168 197
168 199
169 170
169 171
169 174
169 175
169 176
169 178
169 179
169 180
169 181
169 182
169 184
169 191
169 199
170 171
170 172
170 173
170 176
170 178
170 179
170 180
170 181
170 182
170 184
170 185
170 187
170 188
170 189
170 190
170 191
170 192
170 193
170 196
171 181
171 182
171 184
171 187
171 188
171 189
171 191
171 193
171 194
171 195
171 196
171 199
172 176
172 177
172 178
172 180
172 181
172 183
172 185
172 186
172 187
172 188
172 189
172 193
172 194
172 197
172 198
172 199
173 174
173 175
173 178
173 179
173 183
173 184
173 185
173 191
173 192
173 194
173 195
173 197
174 175
174 176
174 178
174 179
174 180
174 183
174 187
174 188
174 190
174 195
174 197
174 198
175 176
175 177
175 178
175 180
175 181
175 182
175 184
175 186
175 187
175 189
175 190
175 191
175 197
176 178
176 179
176 180
176 183
176 185
176 186
176 187
176 188
176 189
176 191
176 194
176 196
176 198
176 199
177 180
177 181
177 185
177 187
177 190
177 191
177 194
177 195
177 196
177 197
177 198
178 181
178 182
178 184
178 185
178 186
178 187
178 188
178 189
178 190
178 191
178 193
178 194
178 197
178 199
179 181
179 182
179 183
179 185
179 186
179 189
179 190
179 191
179 192
179 193
179 194
179 196
179 197
180 181
180 183
180 185
180 186
180 192
180 196
180 197
180 199
181 182
181 183
181 188
181 189
181 190
181 192
181 194
182 183
182 185
182 186
182 188
182 190
182 193
182 194
182 195
182 196
182 197
182 198
183 184
183 185
183 186
183 187
183 189
183 190
183 192
183 195
183 197
184 188
184 189
184 190
184 196
184 197
184 198
185 188
185 189
185 191
185 192
185 193
185 195
185 198
186 188
186 189
186 191
186 192
186 196
186 197
187 188
187 190
187 191
187 192
187 193
187 194
187 195
187 196
187 197
188 190
188 191
188 197
189 190
189 192
189 194
189 195
189 196
189 199
190 191
190 194
190 198
191 194
191 195
191 196
191 197
191 199
192 194
192 196
192 197
193 195
193 197
193 198
195 199
196 198
197 198
197 199
198 199
