200
0 2
0 3
0 4
0 10
0 12
0 13
0 14
0 15
0 16
0 17
0 19
0 20
0 22
0 24
0 25
0 29
0 30
0 32
0 41
0 43
0 46
0 49
0 50
0 52
0 53
0 62
0 64
0 67
0 69
0 71
0 72
0 74
0 76
0 77
0 81
0 83
0 86
0 89
0 91
0 96
0 98
0 100
0 101
0 104
0 106
0 108
0 112
0 113
0 116
0 118
0 119
0 120
0 122
0 126
0 127
0 128
0 130
0 133
0 134
0 137
0 140
0 144
0 146
0 148
0 150
0 151
0 154
0 157
0 160
0 161
0 164
0 166
0 167
0 168
0 169
0 170
0 179
0 182
0 184
0 185
0 187
0 189
0 191
0 193
0 194
0 195
0 196
0 198
1 4
1 6
1 8
1 13
1 14
1 15
1 18
1 19
1 20
1 21
1 24
1 25
1 28
1 29
1 31
1 33
1 36
1 37
1 39
1 40
1 42
1 43
1 44
1 46
1 47
1 50
1 51
1 53
1 54
1 55
1 57
1 59
1 62
1 64
1 65
1 66
1 67
1 73
1 75
1 76
1 77
1 78
1 79
1 81
1 83
1 84
1 86
1 87
1 88
1 89
1 90
1 94
1 95
1 97
1 99
1 100
1 101
1 102
1 105
1 107
1 108
1 109
1 110
1 113
1 115
1 118
1 119
1 120
1 121
1 123
1 125
1 127
1 129
1 133
1 134
1 135
1 136
1 137
1 138
1 139
1 140
1 141
1 143
1 144
1 145
1 148
1 149
1 151
1 154
1 158
1 160
1 162
1 163
1 166
1 167
1 168
1 169
1 171
1 173
1 174
1 178
1 180
1 181
1 185
1 186
1 188
1 193
1 194
1 198
2 3
2 6
2 7
2 8
2 13
2 14
2 15
2 16
2 17
2 18
2 19
2 20
2 23
2 24
2 32
2 34
2 35
2 36
2 37
2 40
2 42
2 45
2 48
2 51
2 52
2 54
2 57
2 58
2 59
2 60
2 61
2 63
2 68
2 70
2 72
2 73
2 74
2 77
2 82
2 83
2 88
2 89
2 90
2 91
2 94
2 96
2 99
2 100
2 102
2 103
2 105
2 107
2 112
2 114
2 115
2 117
2 118
2 123
2 125
2 131
2 133
2 134
2 135
2 136
2 139
2 141
2 143
2 145
2 146
2 147
2 149
2 150
2 151
2 154
2 157
2 158
2 159
2 162
2 164
2 166
2 167
2 168
2 170
2 172
2 174
2 175
2 182
2 184
2 186
2 188
2 192
2 194
2 199
3 9
3 10
3 11
3 14
3 15
3 16
3 20
3 23
3 24
3 25
3 27
3 28
3 32
3 33
3 34
3 37
3 38
3 42
3 43
3 46
3 47
3 49
3 50
3 51
3 52
3 53
3 56
3 59
3 60
3 62
3 63
3 64
3 66
3 68
3 70
3 74
3 78
3 80
3 82
3 84
3 85
3 86
3 91
3 94
3 95
3 96
3 98
3 99
3 101
3 102
3 103
3 108
3 109
3 114
3 115
3 118
3 126
3 127
3 130
3 131
3 134
3 136
3 138
3 141
3 145
3 146
3 147
3 148
3 150
3 152
3 153
3 157
3 158
3 161
3 164
3 167
3 168
3 170
3 171
3 173
3 174
3 175
3 176
3 177
3 180
3 183
3 184
3 187
3 189
3 190
3 195
3 196
3 197
3 199
4 5
4 6
4 8
4 9
4 12
4 15
4 19
4 21
4 23
4 24
4 26
4 27
4 32
4 34
4 35
4 38
4 39
4 42
4 44
4 50
4 53
4 54
4 55
4 56
4 60
4 62
4 68
4 69
4 70
4 71
4 73
4 78
4 79
4 81
4 82
4 83
4 85
4 88
4 89
4 92
4 97
4 99
4 100
4 101
4 102
4 103
4 105
4 106
4 107
4 109
4 110
4 111
4 113
4 114
4 116
4 117
4 119
4 120
4 121
4 125
4 128
4 129
4 130
4 133
4 134
4 136
4 137
4 139
4 140
4 141
4 143
4 144
4 146
4 153
4 156
4 159
4 160
4 162
4 163
4 165
4 168
4 169
4 170
4 172
4 174
4 175
4 177
4 178
4 179
4 180
4 181
4 182
4 184
4 185
4 188
4 190
4 193
4 194
4 196
4 199
5 6
5 7
5 14
5 15
5 16
5 18
5 19
5 22
5 23
5 25
5 29
5 30
5 31
5 37
5 40
5 41
5 45
5 47
5 48
5 51
5 52
5 53
5 54
5 57
5 58
5 61
5 66
5 69
5 75
5 76
5 79
5 80
5 81
5 82
5 85
5 88
5 90
5 93
5 94
5 96
5 98
5 99
5 107
5 109
5 110
5 111
5 118
5 121
5 124
5 126
5 127
5 128
5 130
5 133
5 135
5 136
5 138
5 140
5 143
5 144
5 147
5 150
5 151
5 153
5 157
5 160
5 162
5 165
5 166
5 172
5 173
5 175
5 176
5 180
5 181
5 183
5 186
5 188
5 197
5 199
6 7
6 11
6 15
6 16
6 19
6 21
6 22
6 24
6 28
6 29
6 30
6 31
6 36
6 37
6 38
6 39
6 41
6 43
6 44
6 45
6 47
6 51
6 53
6 55
6 64
6 67
6 68
6 71
6 73
6 74
6 75
6 76
6 77
6 78
6 79
6 81
6 82
6 86
6 95
6 97
6 98
6 99
6 102
6 104
6 105
6 106
6 108
6 109
6 110
6 111
6 112
6 114
6 118
6 120
6 124
6 126
6 127
6 128
6 134
6 137
6 138
6 139
6 140
6 141
6 142
6 144
6 145
6 146
6 148
6 153
6 155
6 156
6 157
6 158
6 160
6 161
6 162
6 165
6 166
6 169
6 170
6 172
6 173
6 174
6 175
6 177
6 180
6 186
6 187
6 194
6 195
6 196
6 197
6 198
7 11
7 12
7 14
7 15
7 16
7 17
7 18
7 20
7 22
7 23
7 24
7 26
7 29
7 33
7 34
7 35
7 38
7 39
7 43
7 44
7 46
7 51
7 53
7 54
7 55
7 57
7 58
7 59
7 60
7 61
7 67
7 68
7 69
7 70
7 71
7 73
7 74
7 75
7 78
7 80
7 81
7 84
7 86
7 87
7 88
7 90
7 91
7 93
7 95
7 96
7 98
7 100
7 102
7 108
7 111
7 112
7 114
7 116
7 117
7 120
7 122
7 123
7 124
7 126
7 127
7 132
7 133
7 137
7 138
7 139
7 140
7 145
7 146
7 148
7 149
7 150
7 152
7 154
7 155
7 157
7 158
7 159
7 161
7 164
7 165
7 168
7 169
7 171
7 175
7 176
7 178
7 180
7 181
7 185
7 187
7 190
7 192
7 195
7 196
7 197
7 199
8 12
8 15
8 16
8 17
8 22
8 24
8 26
8 27
8 29
8 30
8 31
8 32
8 33
8 38
8 39
8 42
8 44
8 46
8 47
8 48
8 49
8 50
8 54
8 58
8 59
8 63
8 64
8 67
8 69
8 70
8 72
8 74
8 75
8 76
8 82
8 83
8 85
8 86
8 91
8 92
8 103
8 105
8 106
8 109
8 110
8 111
8 113
8 115
8 117
8 121
8 127
8 129
8 130
8 131
8 137
8 139
8 140
8 145
8 148
8 149
8 151
8 152
8 154
8 156
8 161
8 162
8 163
8 164
8 165
8 166
8 167
8 168
8 169
8 170
8 171
8 173
8 175
8 176
8 181
8 182
8 185
8 186
8 191
8 197
8 199
9 11
9 13
9 16
9 17
9 18
9 19
9 20
9 22
9 24
9 27
9 28
9 30
9 35
9 36
9 38
9 39
9 40
9 42
9 44
9 45
9 46
9 51
9 52
9 53
9 54
9 59
9 63
9 64
9 65
9 66
9 72
9 75
9 76
9 78
9 79
9 83
9 85
9 88
9 90
9 91
9 92
9 93
9 94
9 96
9 97
9 98
9 99
9 100
9 102
9 103
9 104
9 106
9 107
9 108
9 111
9 112
9 114
9 117
9 119
9 123
9 126
9 127
9 128
9 129
9 133
9 139
9 145
9 149
9 150
9 151
9 152
9 153
9 158
9 159
9 162
9 163
9 165
9 170
9 172
9 174
9 178
9 179
9 181
9 182
9 184
9 185
9 187
9 188
9 192
9 193
9 194
9 198
10 14
10 15
10 19
10 20
10 22
10 23
10 24
10 25
10 27
10 28
10 30
10 31
10 32
10 33
10 36
10 37
10 38
10 41
10 42
10 43
10 46
10 48
10 49
10 54
10 55
10 56
10 58
10 61
10 63
10 64
10 65
10 66
10 67
10 74
10 75
10 76
10 77
10 78
10 80
10 81
10 83
10 84
10 85
10 89
10 90
10 93
10 94
10 95
10 96
10 99
10 100
10 106
10 108
10 110
10 112
10 114
10 117
10 118
10 120
10 121
10 124
10 126
10 129
10 130
10 131
10 132
10 134
10 135
10 136
10 138
10 140
10 143
10 145
10 146
10 147
10 149
10 150
10 151
10 153
10 155
10 156
10 169
10 170
10 172
10 175
10 176
10 177
10 179
10 181
10 183
10 184
10 185
10 186
10 187
10 189
10 190
10 191
10 192
10 193
10 195
10 196
11 12
11 13
11 19
11 20
11 21
11 24
11 29
11 31
11 33
11 34
11 35
11 37
11 38
11 41
11 42
11 46
11 47
11 53
11 54
11 56
11 57
11 60
11 61
11 62
11 66
11 68
11 70
11 73
11 74
11 76
11 77
11 78
11 79
11 81
11 86
11 87
11 88
11 90
11 91
11 94
11 95
11 96
11 97
11 99
11 100
11 104
11 106
11 107
11 109
11 110
11 113
11 115
11 117
11 119
11 120
11 124
11 127
11 129
11 130
11 132
11 133
11 134
11 135
11 139
11 144
11 146
11 147
11 148
11 149
11 152
11 153
11 155
11 159
11 160
11 161
11 162
11 163
11 164
11 165
11 167
11 172
11 175
11 178
11 181
11 182
11 184
11 187
11 193
11 195
11 198
11 199
12 13
12 20
12 23
12 26
12 27
12 29
12 30
12 33
12 36
12 38
12 40
12 41
12 42
12 43
12 45
12 47
12 48
12 49
12 50
12 53
12 55
12 56
12 58
12 59
12 60
12 66
12 69
12 70
12 71
12 73
12 76
12 80
12 81
12 82
12 83
12 88
12 90
12 92
12 94
12 96
12 100
12 104
12 106
12 111
12 112
12 120
12 121
12 123
12 124
12 125
12 127
12 129
12 130
12 133
12 134
12 137
12 138
12 141
12 142
12 148
12 149
12 150
12 151
12 153
12 155
12 158
12 164
12 165
12 167
12 169
12 170
12 172
12 174
12 175
12 176
12 177
12 178
12 182
12 183
12 184
12 187
12 188
12 189
12 190
12 194
13 14
13 15
13 17
13 18
13 22
13 23
13 25
13 26
13 27
13 29
13 30
13 33
13 36
13 37
13 40
13 41
13 44
13 45
13 46
13 51
13 56
13 57
13 58
13 59
13 62
13 64
13 70
13 77
13 78
13 80
13 82
13 83
13 88
13 90
13 95
13 96
13 100
13 102
13 103
13 106
13 107
13 108
13 110
13 111
13 113
13 116
13 119
13 121
13 123
13 125
13 129
13 131
13 132
13 133
13 134
13 139
13 141
13 143
13 144
13 145
13 146
13 149
13 150
13 153
13 154
13 155
13 156
13 157
13 160
13 161
13 162
13 164
13 168
13 169
13 170
13 172
13 178
13 179
13 180
13 185
13 186
13 187
13 194
13 195
13 197
13 199
14 17
14 19
14 20
14 21
14 22
14 23
14 25
14 26
14 32
14 35
14 36
14 37
14 38
14 39
14 44
14 46
14 48
14 49
14 53
14 55
14 56
14 57
14 59
14 60
14 64
14 66
14 71
14 72
14 73
14 74
14 76
14 78
14 79
14 80
14 82
14 85
14 86
14 88
14 92
14 93
14 94
14 95
14 99
14 101
14 103
14 105
14 107
14 108
14 111
14 113
14 116
14 117
14 119
14 123
14 124
14 126
14 131
14 132
14 135
14 136
14 137
14 140
14 141
14 142
14 143
14 144
14 150
14 152
14 154
14 161
14 162
14 164
14 167
14 168
14 169
14 170
14 171
14 174
14 177
14 178
14 179
14 180
14 183
14 184
14 185
14 191
14 193
14 195
14 196
14 198
15 17
15 18
15 21
15 23
15 27
15 28
15 30
15 31
15 35
15 36
15 39
15 43
15 44
15 47
15 50
15 51
15 53
15 54
15 56
15 58
15 59
15 61
15 63
15 67
15 77
15 84
15 90
15 92
15 93
15 95
15 96
15 97
15 99
15 102
15 103
15 104
15 109
15 110
15 113
15 115
15 116
15 119
15 121
15 122
15 125
15 128
15 129
15 130
15 132
15 134
15 138
15 141
15 144
15 145
15 147
15 148
15 151
15 152
15 154
15 155
15 156
15 157
15 159
15 160
15 162
15 166
15 167
15 171
15 173
15 174
15 175
15 177
15 180
15 181
15 182
15 183
15 184
15 187
15 188
15 193
15 194
15 198
15 199
16 17
16 19
16 20
16 23
16 24
16 28
16 29
16 35
16 37
16 38
16 39
16 42
16 43
16 44
16 49
16 50
16 54
16 55
16 56
16 57
16 60
16 61
16 64
16 68
16 69
16 73
16 74
16 75
16 76
16 77
16 79
16 80
16 83
16 84
16 85
16 86
16 87
16 89
16 91
16 93
16 94
16 96
16 102
16 103
16 105
16 106
16 107
16 109
16 110
16 111
16 115
16 116
16 117
16 119
16 121
16 122
16 124
16 126
16 128
16 130
16 131
16 136
16 137
16 138
16 139
16 140
16 141
16 142
16 146
16 149
16 150
16 151
16 152
16 155
16 157
16 161
16 163
16 167
16 169
16 172
16 173
16 175
16 176
16 177
16 182
16 183
16 184
16 188
16 190
16 194
16 195
16 196
16 197
16 198
17 18
17 20
17 22
17 24
17 25
17 26
17 27
17 28
17 29
17 32
17 34
17 36
17 39
17 42
17 44
17 46
17 47
17 49
17 50
17 54
17 57
17 58
17 61
17 62
17 63
17 64
17 65
17 66
17 69
17 71
17 72
17 74
17 76
17 79
17 81
17 82
17 83
17 85
17 86
17 87
17 88
17 91
17 92
17 93
17 95
17 96
17 98
17 99
17 103
17 104
17 108
17 111
17 112
17 113
17 115
17 117
17 118
17 120
17 121
17 124
17 125
17 126
17 130
17 133
17 134
17 138
17 142
17 143
17 144
17 145
17 147
17 149
17 150
17 152
17 155
17 156
17 157
17 158
17 160
17 166
17 167
17 170
17 173
17 175
17 176
17 178
17 181
17 182
17 186
17 187
17 191
17 192
17 195
17 196
17 197
18 23
18 27
18 28
18 29
18 31
18 38
18 39
18 40
18 49
18 50
18 52
18 54
18 55
18 61
18 62
18 63
18 64
18 65
18 66
18 67
18 68
18 72
18 74
18 75
18 79
18 81
18 82
18 88
18 89
18 92
18 93
18 94
18 96
18 97
18 101
18 102
18 103
18 105
18 106
18 107
18 108
18 110
18 111
18 114
18 115
18 116
18 117
18 118
18 119
18 121
18 124
18 127
18 128
18 130
18 131
18 132
18 133
18 138
18 140
18 141
18 146
18 147
18 149
18 151
18 152
18 153
18 156
18 157
18 159
18 160
18 161
18 162
18 163
18 164
18 166
18 169
18 170
18 172
18 175
18 177
18 179
18 180
18 181
18 182
18 186
18 188
18 190
18 191
18 194
18 196
18 197
18 198
19 21
19 22
19 24
19 25
19 26
19 27
19 30
19 32
19 36
19 42
19 43
19 44
19 46
19 47
19 48
19 49
19 50
19 53
19 56
19 59
19 61
19 62
19 63
19 64
19 66
19 67
19 68
19 69
19 71
19 74
19 75
19 77
19 82
19 84
19 85
19 86
19 88
19 89
19 90
19 99
19 101
19 102
19 103
19 106
19 109
19 113
19 114
19 115
19 116
19 117
19 118
19 122
19 125
19 128
19 132
19 135
19 136
19 137
19 138
19 140
19 142
19 144
19 145
19 147
19 150
19 153
19 154
19 157
19 159
19 161
19 162
19 164
19 167
19 168
19 169
19 171
19 174
19 175
19 176
19 177
19 178
19 179
19 180
19 184
19 186
19 192
19 196
19 197
19 198
20 21
20 22
20 23
20 26
20 28
20 30
20 31
20 33
20 35
20 37
20 38
20 39
20 40
20 42
20 45
20 48
20 51
20 52
20 54
20 56
20 57
20 58
20 59
20 63
20 66
20 71
20 72
20 74
20 75
20 78
20 80
20 82
20 87
20 89
20 91
20 93
20 94
20 96
20 100
20 104
20 108
20 111
20 115
20 116
20 120
20 121
20 124
20 126
20 128
20 129
20 130
20 133
20 134
20 135
20 138
20 139
20 140
20 141
20 145
20 148
20 155
20 156
20 157
20 158
20 160
20 161
20 163
20 166
20 168
20 169
20 170
20 171
20 172
20 173
20 174
20 176
20 177
20 178
20 182
20 184
20 185
20 186
20 187
20 188
20 190
20 191
20 192
20 194
20 195
20 196
20 197
20 198
21 26
21 28
21 33
21 34
21 35
21 39
21 43
21 44
21 45
21 46
21 49
21 52
21 55
21 56
21 60
21 64
21 66
21 69
21 70
21 71
21 72
21 75
21 77
21 78
21 79
21 81
21 84
21 87
21 90
21 92
21 93
21 94
21 95
21 96
21 97
21 99
21 101
21 102
21 103
21 104
21 105
21 107
21 110
21 111
21 112
21 114
21 115
21 117
21 122
21 124
21 127
21 128
21 132
21 133
21 135
21 138
21 139
21 141
21 142
21 144
21 146
21 148
21 150
21 151
21 153
21 154
21 155
21 158
21 161
21 163
21 165
21 166
21 167
21 168
21 169
21 173
21 174
21 175
21 178
21 179
21 180
21 181
21 183
21 185
21 186
21 187
21 189
21 194
21 195
21 197
21 198
22 24
22 25
22 26
22 27
22 28
22 30
22 40
22 41
22 42
22 45
22 46
22 49
22 52
22 53
22 54
22 56
22 58
22 59
22 62
22 66
22 69
22 73
22 74
22 76
22 78
22 81
22 84
22 86
22 90
22 91
22 93
22 94
22 96
22 99
22 100
22 103
22 104
22 105
22 106
22 107
22 111
22 113
22 114
22 115
22 116
22 117
22 119
22 120
22 121
22 127
22 128
22 136
22 137
22 139
22 140
22 141
22 142
22 143
22 146
22 147
22 152
22 153
22 157
22 158
22 159
22 163
22 169
22 172
22 173
22 174
22 177
22 180
22 183
22 186
22 191
22 194
22 198
23 24
23 27
23 32
23 33
23 34
23 36
23 37
23 38
23 39
23 42
23 43
23 44
23 45
23 46
23 49
23 50
23 52
23 58
23 59
23 60
23 61
23 64
23 65
23 68
23 70
23 71
23 72
23 73
23 74
23 75
23 77
23 79
23 81
23 83
23 84
23 85
23 87
23 88
23 89
23 93
23 100
23 104
23 105
23 107
23 108
23 109
23 110
23 111
23 113
23 114
23 118
23 119
23 123
23 127
23 128
23 130
23 133
23 135
23 138
23 140
23 145
23 146
23 147
23 148
23 151
23 153
23 157
23 158
23 160
23 161
23 162
23 163
23 164
23 166
23 169
23 173
23 174
23 175
23 176
23 178
23 179
23 182
23 184
23 185
23 187
23 189
23 193
23 197
23 198
23 199
24 26
24 27
24 29
24 31
24 33
24 41
24 43
24 44
24 48
24 50
24 51
24 52
24 57
24 58
24 59
24 62
24 64
24 65
24 66
24 68
24 69
24 70
24 71
24 73
24 74
24 75
24 78
24 80
24 81
24 82
24 83
24 86
24 87
24 89
24 92
24 93
24 98
24 100
24 102
24 104
24 106
24 107
24 109
24 111
24 113
24 114
24 117
24 118
24 119
24 122
24 124
24 125
24 127
24 129
24 133
24 135
24 136
24 137
24 139
24 142
24 144
24 146
24 147
24 148
24 149
24 150
24 152
24 153
24 154
24 156
24 160
24 161
24 162
24 165
24 166
24 167
24 169
24 170
24 171
24 173
24 175
24 176
24 177
24 178
24 181
24 183
24 185
24 186
24 188
24 189
24 190
24 193
24 194
24 195
24 196
24 198
25 26
25 27
25 28
25 29
25 30
25 31
25 32
25 33
25 37
25 39
25 44
25 45
25 46
25 47
25 52
25 54
25 55
25 57
25 58
25 59
25 62
25 63
25 64
25 65
25 66
25 67
25 74
25 75
25 77
25 78
25 79
25 83
25 84
25 85
25 90
25 92
25 94
25 95
25 96
25 98
25 100
25 103
25 105
25 106
25 109
25 110
25 111
25 112
25 113
25 114
25 115
25 116
25 119
25 121
25 122
25 123
25 125
25 127
25 128
25 129
25 130
25 131
25 133
25 134
25 135
25 136
25 138
25 139
25 141
25 144
25 145
25 148
25 153
25 162
25 164
25 166
25 168
25 171
25 172
25 174
25 175
25 177
25 178
25 179
25 181
25 184
25 185
25 187
25 188
25 191
25 192
25 194
25 196
26 29
26 31
26 34
26 35
26 36
26 38
26 40
26 42
26 45
26 46
26 51
26 52
26 54
26 56
26 57
26 58
26 61
26 65
26 66
26 67
26 69
26 70
26 74
26 76
26 77
26 80
26 82
26 84
26 85
26 86
26 87
26 88
26 92
26 94
26 95
26 96
26 98
26 100
26 101
26 102
26 109
26 112
26 114
26 116
26 117
26 118
26 120
26 121
26 122
26 125
26 126
26 127
26 128
26 129
26 130
26 131
26 134
26 136
26 137
26 138
26 139
26 142
26 143
26 144
26 147
26 151
26 157
26 161
26 162
26 163
26 167
26 168
26 169
26 171
26 174
26 175
26 177
26 178
26 179
26 180
26 181
26 182
26 185
26 189
26 191
26 192
26 195
26 197
26 199
27 29
27 32
27 33
27 34
27 38
27 39
27 42
27 44
27 45
27 51
27 54
27 57
27 60
27 63
27 65
27 70
27 71
27 72
27 75
27 76
27 80
27 84
27 85
27 86
27 88
27 90
27 92
27 93
27 94
27 97
27 98
27 100
27 101
27 102
27 103
27 110
27 113
27 115
27 118
27 119
27 121
27 122
27 127
27 128
27 129
27 130
27 132
27 133
27 135
27 136
27 139
27 141
27 143
27 146
27 147
27 149
27 150
27 151
27 153
27 156
27 157
27 158
27 159
27 163
27 165
27 166
27 169
27 173
27 177
27 178
27 180
27 181
27 183
27 185
27 186
27 188
27 189
27 190
27 191
27 194
27 196
27 197
27 198
27 199
28 30
28 31
28 33
28 35
28 36
28 37
28 38
28 40
28 41
28 42
28 44
28 46
28 51
28 53
28 54
28 57
28 58
28 59
28 61
28 64
28 65
28 66
28 67
28 68
28 69
28 71
28 74
28 77
28 78
28 81
28 82
28 85
28 89
28 92
28 93
28 94
28 95
28 96
28 97
28 98
28 99
28 102
28 103
28 104
28 106
28 107
28 110
28 111
28 112
28 113
28 115
28 117
28 118
28 121
28 123
28 126
28 131
28 133
28 135
28 138
28 139
28 143
28 144
28 145
28 148
28 151
28 152
28 155
28 157
28 158
28 160
28 162
28 164
28 165
28 166
28 167
28 169
28 170
28 171
28 175
28 179
28 180
28 181
28 182
28 183
28 185
28 187
28 188
28 189
28 195
28 196
28 197
28 198
28 199
29 30
29 34
29 35
29 36
29 37
29 39
29 40
29 41
29 42
29 45
29 48
29 50
29 51
29 52
29 53
29 55
29 58
29 59
29 62
29 63
29 65
29 69
29 71
29 74
29 75
29 77
29 82
29 83
29 84
29 87
29 91
29 93
29 94
29 95
29 97
29 98
29 105
29 107
29 108
29 110
29 111
29 112
29 113
29 114
29 115
29 117
29 118
29 119
29 122
29 125
29 127
29 133
29 135
29 136
29 138
29 139
29 140
29 142
29 143
29 144
29 146
29 149
29 151
29 153
29 154
29 157
29 158
29 159
29 160
29 161
29 162
29 165
29 168
29 169
29 171
29 173
29 174
29 175
29 176
29 177
29 178
29 179
29 182
29 183
29 184
29 190
29 191
29 193
29 196
29 198
29 199
30 33
30 38
30 39
30 40
30 43
30 44
30 46
30 47
30 48
30 50
30 53
30 54
30 63
30 64
30 65
30 67
30 68
30 69
30 71
30 73
30 74
30 75
30 76
30 77
30 79
30 89
30 93
30 95
30 96
30 98
30 99
30 102
30 103
30 104
30 108
30 111
30 115
30 118
30 119
30 123
30 124
30 125
30 126
30 127
30 128
30 130
30 132
30 133
30 134
30 136
30 140
30 144
30 145
30 147
30 148
30 150
30 151
30 153
30 155
30 156
30 158
30 159
30 161
30 162
30 163
30 164
30 168
30 169
30 171
30 172
30 173
30 174
30 175
30 178
30 180
30 181
30 182
30 184
30 185
30 187
30 189
30 190
30 193
30 195
30 197
31 33
31 34
31 36
31 37
31 38
31 41
31 42
31 43
31 45
31 46
31 47
31 49
31 50
31 51
31 54
31 55
31 56
31 58
31 59
31 60
31 65
31 66
31 67
31 75
31 76
31 78
31 80
31 82
31 86
31 87
31 88
31 89
31 97
31 98
31 100
31 101
31 102
31 103
31 104
31 105
31 109
31 111
31 112
31 113
31 114
31 119
31 121
31 122
31 123
31 125
31 126
31 128
31 131
31 132
31 134
31 139
31 140
31 143
31 146
31 148
31 149
31 151
31 153
31 154
31 155
31 156
31 157
31 159
31 163
31 164
31 167
31 171
31 172
31 173
31 177
31 180
31 181
31 182
31 184
31 185
31 188
31 189
31 190
31 192
31 194
31 196
31 197
31 198
31 199
32 35
32 36
32 39
32 40
32 42
32 45
32 46
32 48
32 53
32 54
32 58
32 59
32 60
32 61
32 62
32 64
32 66
32 68
32 72
32 73
32 75
32 76
32 83
32 84
32 86
32 87
32 89
32 92
32 93
32 94
32 95
32 96
32 100
32 101
32 102
32 104
32 106
32 107
32 109
32 110
32 111
32 112
32 114
32 116
32 119
32 124
32 125
32 126
32 128
32 132
32 133
32 135
32 136
32 139
32 144
32 146
32 149
32 150
32 152
32 154
32 155
32 157
32 160
32 163
32 167
32 173
32 175
32 176
32 177
32 178
32 179
32 180
32 181
32 182
32 184
32 186
32 187
32 188
32 192
32 197
32 198
33 34
33 36
33 38
33 39
33 40
33 41
33 47
33 50
33 52
33 58
33 59
33 60
33 61
33 64
33 66
33 67
33 69
33 70
33 76
33 78
33 79
33 82
33 83
33 85
33 87
33 88
33 89
33 91
33 95
33 96
33 98
33 100
33 101
33 103
33 104
33 106
33 107
33 108
33 110
33 111
33 112
33 113
33 114
33 116
33 117
33 119
33 123
33 124
33 125
33 126
33 127
33 130
33 131
33 133
33 135
33 136
33 137
33 138
33 139
33 140
33 141
33 143
33 144
33 145
33 148
33 150
33 152
33 153
33 155
33 156
33 158
33 160
33 161
33 163
33 166
33 167
33 171
33 173
33 175
33 176
33 181
33 183
33 184
33 185
33 187
33 188
33 189
33 190
33 191
33 192
33 193
33 195
33 196
33 197
33 199
34 35
34 37
34 40
34 43
34 44
34 45
34 46
34 49
34 50
34 52
34 54
34 57
34 58
34 59
34 60
34 61
34 63
34 68
34 69
34 74
34 79
34 80
34 81
34 82
34 83
34 86
34 88
34 90
34 91
34 92
34 95
34 101
34 104
34 105
34 106
34 108
34 109
34 114
34 115
34 116
34 117
34 120
34 121
34 122
34 124
34 126
34 130
34 131
34 133
34 135
34 138
34 139
34 141
34 144
34 145
34 146
34 149
34 150
34 152
34 153
34 155
34 156
34 158
34 160
34 165
34 166
34 167
34 168
34 169
34 170
34 171
34 177
34 179
34 180
34 183
34 184
34 185
34 186
34 187
34 189
34 190
34 192
34 196
34 197
34 198
35 40
35 41
35 47
35 49
35 50
35 54
35 57
35 59
35 60
35 61
35 65
35 66
35 68
35 71
35 72
35 76
35 77
35 78
35 80
35 81
35 83
35 84
35 85
35 87
35 89
35 90
35 92
35 93
35 97
35 98
35 99
35 100
35 103
35 106
35 107
35 113
35 114
35 115
35 120
35 122
35 125
35 127
35 130
35 132
35 134
35 137
35 138
35 141
35 143
35 145
35 147
35 148
35 151
35 153
35 156
35 160
35 163
35 165
35 168
35 171
35 175
35 176
35 178
35 179
35 180
35 181
35 182
35 183
35 185
35 189
35 191
35 192
35 193
35 194
35 197
35 198
36 37
36 42
36 43
36 44
36 46
36 47
36 50
36 52
36 54
36 59
36 61
36 65
36 68
36 71
36 72
36 73
36 75
36 76
36 82
36 85
36 86
36 87
36 88
36 89
36 90
36 91
36 93
36 94
36 95
36 96
36 97
36 100
36 103
36 104
36 105
36 108
36 110
36 113
36 114
36 116
36 119
36 120
36 121
36 124
36 126
36 127
36 129
36 130
36 134
36 137
36 139
36 143
36 145
36 146
36 147
36 148
36 149
36 151
36 153
36 155
36 157
36 158
36 164
36 165
36 166
36 170
36 171
36 172
36 173
36 175
36 178
36 179
36 182
36 184
36 186
36 187
36 191
36 194
36 198
37 41
37 42
37 45
37 48
37 51
37 52
37 53
37 54
37 55
37 56
37 59
37 62
37 63
37 65
37 67
37 71
37 74
37 75
37 76
37 78
37 79
37 81
37 82
37 90
37 91
37 93
37 94
37 95
37 97
37 98
37 99
37 100
37 104
37 106
37 107
37 109
37 110
37 113
37 114
37 125
37 126
37 127
37 128
37 129
37 131
37 132
37 135
37 139
37 141
37 142
37 145
37 146
37 148
37 151
37 153
37 154
37 155
37 157
37 158
37 160
37 161
37 162
37 164
37 165
37 168
37 169
37 173
37 177
37 178
37 179
37 180
37 181
37 182
37 183
37 184
37 186
37 187
37 192
37 193
37 195
37 198
38 39
38 45
38 46
38 47
38 48
38 49
38 50
38 51
38 54
38 55
38 56
38 57
38 58
38 59
38 63
38 64
38 65
38 66
38 68
38 69
38 70
38 72
38 73
38 75
38 81
38 82
38 84
38 86
38 87
38 88
38 91
38 95
38 97
38 98
38 101
38 102
38 104
38 105
38 109
38 110
38 112
38 119
38 120
38 121
38 122
38 129
38 133
38 134
38 135
38 136
38 137
38 139
38 140
38 142
38 143
38 146
38 148
38 151
38 153
38 155
38 158
38 159
38 161
38 162
38 165
38 171
38 172
38 177
38 179
38 180
38 181
38 182
38 184
38 187
38 189
38 190
38 191
38 192
38 194
38 196
38 197
38 199
39 42
39 44
39 50
39 51
39 54
39 55
39 56
39 60
39 66
39 67
39 68
39 70
39 71
39 72
39 76
39 79
39 81
39 82
39 83
39 84
39 86
39 87
39 88
39 92
39 94
39 96
39 97
39 99
39 100
39 101
39 103
39 110
39 112
39 113
39 115
39 116
39 117
39 119
39 120
39 121
39 122
39 126
39 127
39 128
39 129
39 133
39 134
39 135
39 136
39 137
39 138
39 139
39 140
39 141
39 145
39 148
39 150
39 151
39 152
39 154
39 155
39 156
39 158
39 159
39 161
39 162
39 166
39 168
39 173
39 174
39 178
39 180
39 184
39 188
39 189
39 190
39 191
39 192
40 46
40 48
40 51
40 52
40 53
40 55
40 58
40 59
40 60
40 61
40 62
40 63
40 64
40 68
40 76
40 80
40 83
40 84
40 86
40 87
40 88
40 89
40 90
40 91
40 92
40 94
40 95
40 96
40 97
40 102
40 103
40 104
40 105
40 107
40 108
40 109
40 111
40 113
40 117
40 118
40 120
40 121
40 122
40 123
40 125
40 127
40 129
40 130
40 131
40 133
40 135
40 136
40 139
40 141
40 142
40 143
40 144
40 146
40 149
40 151
40 153
40 155
40 156
40 157
40 158
40 164
40 165
40 166
40 168
40 169
40 173
40 175
40 178
40 181
40 183
40 184
40 187
40 189
40 190
40 192
40 194
41 42
41 43
41 47
41 48
41 50
41 51
41 52
41 57
41 58
41 60
41 62
41 63
41 72
41 73
41 75
41 77
41 79
41 82
41 83
41 87
41 90
41 93
41 96
41 98
41 99
41 100
41 104
41 105
41 106
41 109
41 110
41 112
41 114
41 115
41 117
41 119
41 122
41 123
41 124
41 125
41 126
41 129
41 130
41 131
41 132
41 134
41 135
41 138
41 139
41 140
41 141
41 142
41 143
41 149
41 150
41 152
41 154
41 155
41 156
41 157
41 165
41 166
41 167
41 168
41 169
41 170
41 172
41 173
41 176
41 178
41 179
41 182
41 183
41 184
41 189
41 191
41 193
41 194
41 195
41 196
42 47
42 48
42 50
42 51
42 54
42 55
42 57
42 58
42 59
42 61
42 63
42 67
42 68
42 69
42 72
42 77
42 78
42 83
42 84
42 85
42 90
42 91
42 94
42 95
42 96
42 97
42 98
42 99
42 101
42 105
42 107
42 111
42 112
42 113
42 114
42 115
42 121
42 122
42 123
42 126
42 129
42 132
42 133
42 136
42 137
42 138
42 145
42 147
42 148
42 150
42 154
42 155
42 156
42 158
42 159
42 161
42 163
42 164
42 165
42 166
42 170
42 173
42 174
42 176
42 184
42 185
42 186
42 187
42 188
42 189
42 190
42 192
42 193
42 194
42 197
42 198
43 46
43 49
43 51
43 54
43 55
43 56
43 57
43 63
43 65
43 68
43 69
43 75
43 76
43 77
43 86
43 89
43 91
43 92
43 94
43 95
43 97
43 98
43 99
43 101
43 102
43 103
43 105
43 106
43 107
43 109
43 110
43 112
43 114
43 118
43 119
43 123
43 124
43 127
43 129
43 131
43 134
43 136
43 140
43 143
43 149
43 153
43 154
43 155
43 156
43 159
43 163
43 164
43 165
43 167
43 168
43 169
43 171
43 173
43 174
43 176
43 180
43 181
43 182
43 185
43 188
43 189
43 191
43 195
43 198
43 199
44 45
44 46
44 48
44 49
44 50
44 51
44 52
44 53
44 61
44 62
44 63
44 64
44 66
44 67
44 69
44 70
44 72
44 73
44 78
44 79
44 80
44 84
44 85
44 86
44 87
44 89
44 90
44 92
44 94
44 96
44 99
44 100
44 102
44 103
44 106
44 107
44 108
44 111
44 114
44 116
44 119
44 120
44 121
44 123
44 125
44 129
44 130
44 131
44 132
44 133
44 134
44 136
44 138
44 140
44 141
44 144
44 146
44 148
44 149
44 154
44 155
44 156
44 160
44 161
44 163
44 164
44 165
44 166
44 167
44 168
44 169
44 173
44 175
44 182
44 184
44 185
44 189
44 190
44 192
44 193
44 194
44 195
44 197
44 199
45 49
45 50
45 51
45 54
45 55
45 60
45 65
45 66
45 67
45 68
45 69
45 71
45 73
45 75
45 76
45 77
45 79
45 81
45 83
45 87
45 88
45 89
45 92
45 95
45 97
45 98
45 101
45 102
45 104
45 105
45 109
45 111
45 113
45 117
45 118
45 120
45 129
45 130
45 131
45 133
45 134
45 137
45 139
45 140
45 142
45 143
45 144
45 145
45 147
45 149
45 150
45 153
45 154
45 156
45 158
45 160
45 162
45 163
45 164
45 165
45 167
45 168
45 170
45 171
45 181
45 182
45 184
45 185
45 187
45 188
45 189
45 192
45 196
45 197
45 198
45 199
46 47
46 48
46 49
46 50
46 52
46 56
46 57
46 59
46 60
46 62
46 63
46 66
46 67
46 68
46 71
46 72
46 76
46 77
46 78
46 81
46 82
46 83
46 86
46 88
46 89
46 90
46 91
46 93
46 95
46 96
46 99
46 101
46 104
46 105
46 106
46 109
46 110
46 112
46 115
46 116
46 118
46 121
46 122
46 123
46 126
46 127
46 132
46 134
46 135
46 137
46 138
46 139
46 141
46 144
46 146
46 147
46 148
46 152
46 153
46 155
46 157
46 163
46 166
46 168
46 171
46 172
46 173
46 174
46 175
46 177
46 178
46 179
46 184
46 185
46 187
46 188
46 190
46 192
46 195
46 196
46 197
47 48
47 50
47 53
47 55
47 56
47 58
47 60
47 63
47 65
47 66
47 69
47 73
47 75
47 77
47 80
47 82
47 84
47 86
47 89
47 90
47 92
47 93
47 94
47 98
47 100
47 102
47 106
47 108
47 111
47 117
47 118
47 120
47 122
47 123
47 124
47 127
47 129
47 130
47 132
47 133
47 134
47 135
47 136
47 138
47 141
47 142
47 143
47 144
47 147
47 152
47 154
47 155
47 156
47 159
47 165
47 166
47 170
47 172
47 175
47 176
47 177
47 178
47 179
47 181
47 182
47 183
47 187
47 189
47 191
47 192
47 193
47 194
47 195
47 197
47 198
48 51
48 52
48 53
48 54
48 55
48 56
48 57
48 58
48 60
48 61
48 62
48 66
48 67
48 71
48 73
48 74
48 75
48 76
48 78
48 81
48 87
48 89
48 91
48 93
48 94
48 95
48 96
48 97
48 98
48 100
48 110
48 112
48 115
48 116
48 117
48 118
48 119
48 120
48 121
48 122
48 124
48 125
48 126
48 129
48 131
48 136
48 137
48 139
48 140
48 143
48 146
48 147
48 150
48 153
48 155
48 156
48 158
48 160
48 162
48 164
48 167
48 168
48 171
48 173
48 174
48 175
48 176
48 178
48 179
48 181
48 182
48 183
48 184
48 185
48 186
48 187
48 190
48 191
48 192
48 194
48 196
49 51
49 54
49 56
49 57
49 58
49 59
49 61
49 62
49 65
49 68
49 69
49 74
49 78
49 80
49 81
49 83
49 87
49 89
49 92
49 93
49 94
49 98
49 101
49 104
49 105
49 107
49 112
49 113
49 116
49 117
49 118
49 121
49 125
49 127
49 128
49 132
49 135
49 137
49 139
49 141
49 144
49 146
49 149
49 151
49 152
49 154
49 159
49 160
49 161
49 163
49 166
49 169
49 170
49 173
49 181
49 186
49 188
49 190
49 192
49 194
49 199
50 54
50 55
50 57
50 59
50 64
50 66
50 67
50 74
50 75
50 77
50 80
50 81
50 83
50 84
50 85
50 87
50 89
50 90
50 92
50 93
50 95
50 98
50 99
50 100
50 105
50 106
50 109
50 110
50 111
50 113
50 115
50 116
50 118
50 120
50 121
50 122
50 123
50 124
50 126
50 127
50 128
50 129
50 132
50 133
50 137
50 140
50 143
50 145
50 146
50 147
50 148
50 149
50 150
50 151
50 154
50 155
50 159
50 160
50 161
50 162
50 163
50 166
50 168
50 169
50 175
50 177
50 180
50 181
50 183
50 184
50 185
50 186
50 187
50 191
50 192
50 198
50 199
51 52
51 54
51 55
51 56
51 57
51 60
51 61
51 62
51 64
51 65
51 70
51 71
51 75
51 76
51 77
51 78
51 79
51 80
51 81
51 84
51 85
51 87
51 88
51 89
51 90
51 94
51 97
51 100
51 103
51 105
51 106
51 108
51 111
51 114
51 116
51 118
51 119
51 120
51 122
51 123
51 126
51 128
51 129
51 135
51 137
51 139
51 143
51 146
51 150
51 151
51 152
51 153
51 155
51 156
51 158
51 162
51 164
51 165
51 167
51 169
51 173
51 176
51 177
51 180
51 182
51 186
51 193
51 194
51 197
51 198
52 54
52 55
52 56
52 58
52 59
52 60
52 64
52 66
52 71
52 73
52 75
52 77
52 78
52 81
52 85
52 86
52 88
52 90
52 91
52 93
52 94
52 96
52 100
52 102
52 103
52 104
52 108
52 109
52 113
52 116
52 117
52 120
52 121
52 125
52 126
52 131
52 132
52 133
52 134
52 135
52 138
52 139
52 140
52 141
52 143
52 144
52 145
52 148
52 152
52 153
52 155
52 165
52 166
52 170
52 172
52 173
52 175
52 177
52 178
52 179
52 185
52 187
52 188
52 191
52 192
52 193
52 194
52 195
53 54
53 57
53 58
53 59
53 60
53 62
53 64
53 66
53 67
53 68
53 70
53 71
53 73
53 74
53 77
53 79
53 81
53 85
53 86
53 91
53 92
53 96
53 98
53 100
53 101
53 104
53 106
53 107
53 109
53 110
53 112
53 113
53 114
53 116
53 117
53 119
53 120
53 121
53 123
53 124
53 125
53 128
53 130
53 133
53 135
53 140
53 141
53 142
53 144
53 145
53 146
53 148
53 151
53 152
53 154
53 158
53 159
53 160
53 164
53 165
53 166
53 169
53 172
53 177
53 180
53 181
53 184
53 185
53 188
53 189
53 190
53 197
53 198
54 60
54 62
54 63
54 64
54 65
54 66
54 67
54 69
54 70
54 71
54 74
54 75
54 82
54 85
54 87
54 98
54 99
54 102
54 103
54 104
54 107
54 108
54 110
54 114
54 115
54 116
54 118
54 120
54 121
54 124
54 126
54 128
54 130
54 131
54 133
54 134
54 135
54 138
54 139
54 143
54 145
54 147
54 149
54 150
54 153
54 155
54 158
54 160
54 162
54 163
54 164
54 166
54 168
54 170
54 171
54 174
54 175
54 178
54 179
54 181
54 184
54 186
54 187
54 190
54 191
54 192
54 193
54 194
54 197
55 58
55 60
55 61
55 62
55 63
55 66
55 67
55 68
55 73
55 74
55 77
55 78
55 80
55 82
55 83
55 84
55 85
55 87
55 89
55 90
55 92
55 93
55 94
55 95
55 98
55 99
55 103
55 104
55 106
55 107
55 108
55 109
55 111
55 113
55 114
55 116
55 117
55 120
55 121
55 124
55 126
55 130
55 132
55 133
55 134
55 136
55 138
55 139
55 140
55 143
55 144
55 145
55 148
55 150
55 151
55 153
55 155
55 156
55 158
55 160
55 162
55 163
55 168
55 171
55 179
55 180
55 182
55 188
55 191
55 192
55 193
56 59
56 62
56 64
56 67
56 70
56 73
56 76
56 77
56 78
56 79
56 80
56 82
56 84
56 86
56 88
56 90
56 91
56 93
56 94
56 95
56 96
56 97
56 100
56 113
56 114
56 115
56 117
56 121
56 123
56 125
56 127
56 128
56 130
56 131
56 132
56 134
56 136
56 137
56 138
56 142
56 144
56 145
56 147
56 148
56 149
56 150
56 152
56 153
56 155
56 156
56 158
56 160
56 162
56 165
56 166
56 168
56 171
56 174
56 175
56 179
56 180
56 181
56 185
56 186
56 187
56 189
57 59
57 60
57 63
57 65
57 67
57 68
57 70
57 73
57 75
57 76
57 77
57 78
57 84
57 85
57 86
57 87
57 88
57 89
57 90
57 92
57 95
57 98
57 99
57 101
57 102
57 103
57 105
57 108
57 109
57 110
57 111
57 112
57 114
57 116
57 118
57 121
57 126
57 127
57 128
57 129
57 134
57 140
57 142
57 148
57 154
57 156
57 158
57 160
57 163
57 166
57 168
57 171
57 172
57 176
57 177
57 183
57 185
57 188
57 191
57 192
57 196
57 197
58 60
58 62
58 63
58 64
58 66
58 68
58 70
58 73
58 76
58 78
58 79
58 80
58 81
58 83
58 87
58 93
58 95
58 97
58 98
58 99
58 101
58 105
58 106
58 109
58 112
58 113
58 115
58 118
58 119
58 125
58 126
58 128
58 131
58 133
58 135
58 138
58 139
58 142
58 145
58 147
58 148
58 150
58 151
58 153
58 154
58 157
58 161
58 162
58 164
58 165
58 168
58 172
58 173
58 174
58 175
58 177
58 178
58 179
58 180
58 183
58 184
58 186
58 187
58 188
58 189
58 191
58 193
58 194
58 195
58 199
59 61
59 62
59 65
59 66
59 68
59 69
59 70
59 71
59 81
59 82
59 83
59 84
59 85
59 89
59 91
59 92
59 95
59 100
59 103
59 105
59 107
59 111
59 113
59 117
59 118
59 120
59 121
59 122
59 127
59 128
59 129
59 131
59 133
59 134
59 135
59 137
59 138
59 140
59 141
59 142
59 143
59 151
59 152
59 156
59 158
59 160
59 163
59 164
59 168
59 170
59 172
59 176
59 177
59 179
59 180
59 182
59 187
59 188
59 189
59 192
59 193
59 196
59 197
59 199
60 61
60 63
60 64
60 65
60 66
60 68
60 70
60 71
60 76
60 77
60 78
60 79
60 83
60 85
60 87
60 90
60 92
60 94
60 96
60 97
60 98
60 99
60 100
60 101
60 102
60 106
60 109
60 115
60 117
60 120
60 121
60 124
60 125
60 126
60 127
60 128
60 130
60 132
60 133
60 134
60 136
60 139
60 140
60 141
60 142
60 144
60 145
60 149
60 152
60 153
60 154
60 156
60 157
60 159
60 160
60 162
60 165
60 167
60 168
60 170
60 171
60 176
60 178
60 179
60 182
60 184
60 188
60 195
60 199
61 62
61 63
61 64
61 65
61 67
61 68
61 72
61 73
61 75
61 76
61 78
61 79
61 80
61 81
61 88
61 89
61 90
61 92
61 93
61 94
61 95
61 98
61 101
61 102
61 104
61 105
61 107
61 108
61 109
61 110
61 111
61 112
61 113
61 117
61 120
61 122
61 126
61 127
61 128
61 130
61 131
61 132
61 134
61 138
61 140
61 145
61 148
61 149
61 151
61 161
61 164
61 166
61 174
61 177
61 178
61 180
61 182
61 186
61 190
61 196
61 197
61 198
61 199
62 64
62 65
62 72
62 77
62 78
62 79
62 84
62 87
62 88
62 89
62 90
62 91
62 94
62 97
62 100
62 102
62 105
62 106
62 108
62 112
62 113
62 116
62 118
62 121
62 122
62 125
62 126
62 129
62 134
62 135
62 137
62 138
62 140
62 142
62 143
62 144
62 148
62 151
62 152
62 154
62 155
62 158
62 159
62 161
62 166
62 167
62 170
62 171
62 173
62 174
62 175
62 176
62 179
62 180
62 181
62 184
62 186
62 187
62 189
62 190
62 192
62 194
62 195
62 197
62 199
63 67
63 69
63 70
63 74
63 75
63 76
63 77
63 78
63 79
63 80
63 88
63 90
63 91
63 92
63 93
63 97
63 98
63 99
63 100
63 107
63 108
63 109
63 114
63 116
63 117
63 118
63 119
63 121
63 122
63 124
63 125
63 128
63 130
63 131
63 134
63 135
63 138
63 141
63 142
63 145
63 147
63 152
63 153
63 154
63 156
63 157
63 162
63 163
63 164
63 165
63 166
63 167
63 168
63 171
63 172
63 174
63 182
63 183
63 184
63 186
63 187
63 188
63 189
63 192
63 193
63 196
63 198
64 67
64 69
64 71
64 73
64 74
64 75
64 77
64 79
64 80
64 81
64 83
64 84
64 85
64 86
64 89
64 90
64 91
64 92
64 93
64 94
64 98
64 99
64 100
64 102
64 104
64 107
64 108
64 110
64 111
64 113
64 114
64 115
64 116
64 118
64 121
64 125
64 128
64 130
64 133
64 142
64 144
64 148
64 152
64 153
64 155
64 158
64 159
64 161
64 163
64 171
64 174
64 180
64 182
64 185
64 187
64 192
64 193
64 196
65 68
65 69
65 70
65 73
65 74
65 75
65 76
65 77
65 82
65 86
65 87
65 88
65 90
65 91
65 96
65 97
65 98
65 99
65 100
65 101
65 102
65 105
65 108
65 109
65 110
65 111
65 113
65 114
65 118
65 119
65 120
65 121
65 123
65 126
65 127
65 129
65 133
65 135
65 139
65 140
65 144
65 145
65 151
65 154
65 156
65 157
65 158
65 159
65 160
65 161
65 163
65 165
65 167
65 169
65 172
65 173
65 175
65 176
65 178
65 179
65 180
65 181
65 183
65 184
65 185
65 190
65 194
66 70
66 74
66 79
66 83
66 84
66 85
66 87
66 89
66 90
66 91
66 93
66 95
66 100
66 106
66 107
66 108
66 109
66 112
66 116
66 117
66 118
66 119
66 120
66 121
66 122
66 127
66 129
66 132
66 134
66 135
66 139
66 142
66 143
66 144
66 146
66 149
66 150
66 151
66 153
66 154
66 156
66 158
66 159
66 160
66 161
66 162
66 164
66 167
66 168
66 169
66 172
66 173
66 174
66 175
66 176
66 178
66 181
66 187
66 189
66 191
66 193
66 194
66 196
66 197
67 68
67 70
67 72
67 74
67 78
67 79
67 81
67 83
67 84
67 86
67 87
67 91
67 93
67 94
67 95
67 96
67 99
67 100
67 101
67 104
67 106
67 107
67 109
67 110
67 114
67 118
67 121
67 123
67 125
67 126
67 129
67 133
67 134
67 135
67 139
67 143
67 150
67 152
67 155
67 156
67 157
67 158
67 160
67 163
67 165
67 171
67 172
67 173
67 176
67 178
67 179
67 180
67 181
67 186
67 189
67 190
67 195
67 196
67 197
67 199
68 69
68 70
68 71
68 72
68 76
68 79
68 81
68 83
68 84
68 87
68 88
68 90
68 91
68 94
68 95
68 96
68 105
68 106
68 110
68 115
68 120
68 121
68 124
68 127
68 128
68 129
68 130
68 133
68 134
68 137
68 138
68 140
68 141
68 143
68 145
68 146
68 147
68 149
68 152
68 153
68 155
68 156
68 158
68 160
68 161
68 163
68 166
68 167
68 170
68 174
68 181
68 182
68 183
68 184
68 189
68 194
68 197
69 76
69 77
69 82
69 85
69 86
69 87
69 90
69 91
69 93
69 94
69 95
69 96
69 98
69 99
69 100
69 109
69 111
69 112
69 113
69 115
69 116
69 117
69 118
69 120
69 121
69 122
69 123
69 125
69 126
69 127
69 128
69 129
69 131
69 135
69 137
69 139
69 141
69 142
69 144
69 145
69 147
69 148
69 149
69 152
69 153
69 154
69 155
69 156
69 158
69 160
69 163
69 164
69 165
69 166
69 169
69 170
69 172
69 173
69 175
69 179
69 180
69 182
69 183
69 188
69 190
69 193
69 195
70 76
70 78
70 79
70 84
70 85
70 86
70 88
70 89
70 90
70 91
70 92
70 93
70 94
70 95
70 98
70 101
70 102
70 103
70 105
70 106
70 110
70 111
70 113
70 114
70 117
70 119
70 122
70 123
70 128
70 129
70 132
70 134
70 137
70 141
70 146
70 148
70 149
70 151
70 152
70 153
70 154
70 155
70 156
70 158
70 160
70 161
70 162
70 163
70 164
70 166
70 169
70 170
70 171
70 172
70 178
70 179
70 180
70 181
70 182
70 183
70 188
70 189
70 190
70 193
70 194
70 197
70 198
70 199
71 72
71 74
71 77
71 79
71 81
71 82
71 84
71 85
71 88
71 89
71 90
71 92
71 94
71 98
71 100
71 101
71 103
71 106
71 107
71 108
71 110
71 111
71 112
71 113
71 115
71 117
71 119
71 120
71 122
71 123
71 124
71 125
71 130
71 132
71 134
71 135
71 136
71 137
71 148
71 149
71 152
71 153
71 154
71 159
71 160
71 161
71 168
71 169
71 170
71 172
71 174
71 175
71 176
71 177
71 178
71 183
71 184
71 188
71 189
71 190
71 191
71 193
71 194
72 76
72 77
72 78
72 79
72 83
72 84
72 87
72 88
72 90
72 91
72 94
72 95
72 96
72 98
72 99
72 101
72 104
72 106
72 110
72 111
72 112
72 113
72 115
72 117
72 118
72 119
72 120
72 123
72 124
72 125
72 127
72 128
72 133
72 135
72 136
72 141
72 142
72 144
72 146
72 148
72 150
72 152
72 153
72 154
72 155
72 156
72 157
72 158
72 162
72 164
72 166
72 167
72 168
72 169
72 173
72 174
72 177
72 178
72 182
72 183
72 184
72 185
72 187
72 188
72 189
72 193
72 195
72 196
72 199
73 75
73 76
73 78
73 80
73 83
73 86
73 87
73 88
73 89
73 92
73 93
73 95
73 100
73 104
73 105
73 106
73 107
73 109
73 113
73 115
73 117
73 118
73 123
73 125
73 129
73 131
73 135
73 137
73 138
73 141
73 143
73 146
73 147
73 148
73 151
73 152
73 153
73 154
73 157
73 160
73 161
73 163
73 164
73 168
73 171
73 172
73 174
73 175
73 176
73 177
73 180
73 181
73 182
73 185
73 186
73 188
73 189
73 190
73 194
73 197
74 75
74 77
74 80
74 86
74 88
74 89
74 91
74 93
74 96
74 98
74 102
74 103
74 107
74 108
74 109
74 110
74 111
74 112
74 115
74 116
74 121
74 124
74 125
74 128
74 130
74 132
74 135
74 136
74 137
74 139
74 141
74 142
74 144
74 146
74 147
74 151
74 152
74 155
74 156
74 157
74 158
74 160
74 161
74 162
74 163
74 164
74 165
74 166
74 167
74 169
74 170
74 171
74 172
74 175
74 176
74 177
74 178
74 182
74 183
74 184
74 186
74 189
74 193
74 196
75 77
75 79
75 81
75 84
75 87
75 88
75 94
75 95
75 97
75 98
75 102
75 104
75 106
75 107
75 109
75 110
75 112
75 113
75 115
75 118
75 122
75 125
75 127
75 128
75 133
75 136
75 138
75 139
75 140
75 142
75 144
75 145
75 148
75 149
75 154
75 157
75 160
75 161
75 162
75 165
75 169
75 172
75 173
75 175
75 177
75 178
75 180
75 185
75 186
75 187
75 188
75 189
75 190
75 191
75 193
75 199
76 77
76 79
76 81
76 82
76 88
76 90
76 91
76 93
76 94
76 95
76 96
76 98
76 99
76 101
76 102
76 103
76 106
76 107
76 108
76 111
76 112
76 113
76 117
76 118
76 119
76 120
76 124
76 127
76 131
76 133
76 135
76 136
76 137
76 138
76 139
76 140
76 144
76 145
76 146
76 147
76 148
76 150
76 155
76 157
76 161
76 165
76 167
76 170
76 171
76 174
76 175
76 176
76 181
76 183
76 185
76 186
76 187
76 189
76 191
76 194
76 195
76 197
76 198
76 199
77 78
77 79
77 81
77 85
77 87
77 88
77 89
77 90
77 91
77 93
77 94
77 95
77 97
77 102
77 111
77 113
77 114
77 115
77 116
77 117
77 118
77 119
77 123
77 124
77 131
77 135
77 139
77 140
77 141
77 142
77 146
77 147
77 152
77 155
77 156
77 158
77 159
77 160
77 162
77 165
77 167
77 169
77 170
77 172
77 177
77 180
77 183
77 187
77 188
77 189
77 190
77 191
77 193
77 196
77 197
77 198
78 79
78 80
78 83
78 87
78 89
78 95
78 97
78 99
78 101
78 102
78 104
78 105
78 107
78 108
78 110
78 111
78 116
78 118
78 119
78 121
78 122
78 123
78 128
78 129
78 134
78 141
78 142
78 144
78 146
78 147
78 151
78 154
78 156
78 157
78 159
78 163
78 164
78 166
78 168
78 169
78 170
78 174
78 175
78 176
78 178
78 179
78 180
78 181
78 182
78 186
78 188
78 193
78 196
78 198
78 199
79 81
79 83
79 84
79 85
79 86
79 89
79 93
79 97
79 98
79 99
79 102
79 103
79 106
79 107
79 108
79 109
79 115
79 117
79 121
79 122
79 123
79 126
79 128
79 131
79 132
79 135
79 137
79 140
79 141
79 143
79 144
79 145
79 146
79 147
79 149
79 150
79 153
79 156
79 157
79 158
79 160
79 161
79 163
79 169
79 172
79 175
79 178
79 179
79 180
79 181
79 184
79 185
79 189
79 190
79 191
79 192
79 195
79 196
79 197
79 199
80 81
80 82
80 83
80 84
80 85
80 87
80 88
80 89
80 91
80 92
80 96
80 99
80 100
80 101
80 104
80 105
80 106
80 110
80 111
80 114
80 115
80 117
80 118
80 121
80 123
80 126
80 127
80 128
80 129
80 133
80 134
80 135
80 136
80 137
80 141
80 143
80 145
80 149
80 150
80 152
80 153
80 154
80 155
80 156
80 158
80 160
80 161
80 162
80 164
80 165
80 168
80 169
80 174
80 176
80 178
80 179
80 180
80 188
80 190
80 191
81 83
81 89
81 90
81 91
81 93
81 94
81 96
81 97
81 100
81 101
81 103
81 105
81 109
81 113
81 118
81 120
81 121
81 124
81 127
81 131
81 138
81 142
81 143
81 145
81 147
81 148
81 149
81 150
81 151
81 152
81 154
81 160
81 165
81 166
81 167
81 169
81 171
81 173
81 174
81 175
81 176
81 177
81 179
81 181
81 182
81 184
81 186
81 187
81 192
81 194
81 195
81 197
81 198
81 199
82 84
82 87
82 88
82 89
82 91
82 92
82 93
82 94
82 95
82 96
82 98
82 99
82 102
82 109
82 114
82 115
82 117
82 119
82 121
82 122
82 123
82 124
82 125
82 127
82 130
82 131
82 133
82 134
82 137
82 138
82 141
82 146
82 149
82 150
82 155
82 156
82 158
82 161
82 162
82 164
82 165
82 170
82 172
82 181
82 183
82 184
82 185
82 186
82 187
82 190
82 191
82 192
82 194
82 195
82 196
82 198
82 199
83 84
83 85
83 86
83 95
83 96
83 97
83 98
83 99
83 100
83 101
83 102
83 104
83 105
83 106
83 108
83 110
83 111
83 112
83 113
83 116
83 120
83 121
83 122
83 124
83 132
83 134
83 135
83 138
83 140
83 142
83 143
83 144
83 145
83 146
83 147
83 148
83 155
83 158
83 163
83 165
83 168
83 169
83 170
83 173
83 175
83 176
83 178
83 179
83 182
83 183
83 184
83 186
83 190
83 191
83 192
83 194
83 198
84 88
84 91
84 95
84 96
84 100
84 101
84 102
84 103
84 104
84 105
84 108
84 111
84 113
84 114
84 117
84 119
84 120
84 122
84 125
84 126
84 127
84 129
84 130
84 131
84 135
84 137
84 140
84 142
84 143
84 145
84 146
84 152
84 153
84 155
84 157
84 158
84 161
84 164
84 165
84 166
84 167
84 168
84 170
84 171
84 172
84 179
84 180
84 181
84 182
84 183
84 184
84 185
84 187
84 190
84 191
84 193
84 195
84 197
84 199
85 86
85 89
85 90
85 92
85 97
85 98
85 99
85 100
85 104
85 105
85 107
85 108
85 110
85 111
85 113
85 114
85 116
85 117
85 118
85 121
85 126
85 127
85 128
85 129
85 130
85 131
85 135
85 136
85 141
85 144
85 145
85 146
85 149
85 150
85 151
85 154
85 156
85 157
85 161
85 162
85 163
85 165
85 167
85 168
85 169
85 174
85 176
85 178
85 179
85 181
85 182
85 184
85 188
85 191
85 194
85 195
85 197
85 198
86 88
86 89
86 92
86 93
86 95
86 97
86 98
86 100
86 104
86 105
86 109
86 112
86 114
86 115
86 116
86 117
86 118
86 120
86 126
86 127
86 128
86 130
86 133
86 137
86 140
86 141
86 142
86 143
86 144
86 145
86 146
86 151
86 152
86 153
86 155
86 161
86 162
86 163
86 164
86 166
86 169
86 171
86 172
86 173
86 174
86 175
86 177
86 180
86 181
86 182
86 185
86 188
86 189
86 190
86 191
86 192
86 194
86 197
86 199
87 88
87 89
87 90
87 92
87 93
87 95
87 96
87 97
87 98
87 100
87 101
87 102
87 103
87 104
87 105
87 106
87 113
87 114
87 115
87 116
87 117
87 118
87 120
87 121
87 122
87 123
87 124
87 126
87 127
87 130
87 131
87 133
87 134
87 143
87 145
87 149
87 150
87 152
87 154
87 156
87 161
87 162
87 163
87 166
87 171
87 174
87 175
87 180
87 183
87 184
87 186
87 187
87 193
87 195
87 196
87 199
88 89
88 91
88 93
88 94
88 96
88 98
88 100
88 102
88 103
88 104
88 107
88 110
88 113
88 114
88 116
88 123
88 124
88 126
88 127
88 128
88 131
88 133
88 137
88 140
88 141
88 142
88 146
88 147
88 152
88 156
88 160
88 162
88 164
88 168
88 170
88 171
88 173
88 174
88 177
88 183
88 186
88 187
88 188
88 189
88 190
88 191
88 194
88 197
88 198
88 199
89 90
89 93
89 94
89 97
89 99
89 102
89 103
89 105
89 108
89 109
89 110
89 111
89 116
89 117
89 118
89 121
89 123
89 125
89 126
89 128
89 131
89 132
89 135
89 136
89 142
89 144
89 148
89 150
89 151
89 158
89 159
89 160
89 161
89 166
89 169
89 171
89 172
89 178
89 180
89 187
89 188
89 189
89 192
89 193
89 196
89 197
89 198
89 199
90 91
90 93
90 94
90 96
90 98
90 99
90 100
90 101
90 104
90 110
90 115
90 117
90 118
90 120
90 121
90 123
90 124
90 125
90 127
90 128
90 130
90 131
90 133
90 134
90 135
90 136
90 139
90 140
90 142
90 151
90 153
90 155
90 156
90 159
90 160
90 161
90 163
90 166
90 170
90 171
90 173
90 174
90 175
90 177
90 179
90 181
90 182
90 184
90 188
90 190
90 191
90 193
90 194
90 195
90 196
90 197
91 95
91 97
91 100
91 101
91 102
91 104
91 105
91 107
91 108
91 109
91 110
91 111
91 114
91 116
91 118
91 122
91 126
91 128
91 129
91 130
91 134
91 136
91 137
91 139
91 140
91 143
91 145
91 148
91 155
91 157
91 158
91 159
91 161
91 162
91 164
91 170
91 171
91 173
91 174
91 176
91 181
91 182
91 188
91 192
91 193
91 194
91 195
91 196
91 197
92 102
92 103
92 105
92 106
92 107
92 110
92 112
92 116
92 117
92 120
92 121
92 122
92 123
92 125
92 128
92 130
92 135
92 136
92 141
92 143
92 145
92 146
92 148
92 150
92 151
92 153
92 154
92 155
92 156
92 158
92 159
92 160
92 161
92 164
92 171
92 173
92 175
92 176
92 177
92 178
92 182
92 183
92 186
92 187
92 193
92 194
92 195
92 196
92 197
92 199
93 94
93 95
93 97
93 98
93 101
93 102
93 105
93 107
93 112
93 114
93 117
93 118
93 120
93 122
93 123
93 125
93 126
93 129
93 130
93 132
93 133
93 134
93 135
93 136
93 137
93 138
93 139
93 141
93 143
93 144
93 146
93 147
93 149
93 150
93 151
93 152
93 155
93 156
93 158
93 159
93 160
93 166
93 169
93 171
93 173
93 174
93 175
93 177
93 178
93 181
93 182
93 183
93 184
93 186
93 188
93 189
93 190
93 191
93 193
93 195
93 199
94 96
94 97
94 98
94 100
94 102
94 104
94 107
94 108
94 110
94 111
94 113
94 114
94 115
94 116
94 118
94 122
94 128
94 135
94 136
94 138
94 139
94 141
94 144
94 147
94 151
94 152
94 159
94 162
94 164
94 176
94 177
94 178
94 179
94 183
94 185
94 186
94 190
94 191
94 192
94 193
94 194
94 196
94 197
94 198
94 199
95 96
95 98
95 99
95 101
95 102
95 103
95 104
95 108
95 111
95 112
95 117
95 118
95 120
95 122
95 123
95 126
95 127
95 129
95 130
95 132
95 134
95 135
95 136
95 138
95 139
95 140
95 141
95 143
95 144
95 145
95 147
95 148
95 149
95 150
95 151
95 152
95 154
95 155
95 158
95 160
95 161
95 162
95 163
95 164
95 167
95 168
95 170
95 172
95 174
95 175
95 177
95 178
95 179
95 182
95 183
95 184
95 185
95 186
95 190
95 193
95 198
96 99
96 101
96 102
96 103
96 105
96 109
96 110
96 119
96 120
96 122
96 124
96 125
96 126
96 127
96 131
96 132
96 133
96 135
96 139
96 140
96 141
96 142
96 144
96 145
96 149
96 152
96 153
96 155
96 158
96 161
96 165
96 166
96 168
96 169
96 171
96 172
96 173
96 174
96 175
96 176
96 177
96 178
96 179
96 180
96 183
96 185
96 186
96 187
96 188
96 189
96 193
96 195
96 196
96 198
97 99
97 101
97 103
97 104
97 105
97 106
97 113
97 114
97 119
97 120
97 121
97 122
97 125
97 126
97 128
97 130
97 131
97 132
97 135
97 136
97 137
97 138
97 144
97 148
97 150
97 153
97 155
97 158
97 159
97 161
97 171
97 173
97 174
97 176
97 179
97 180
97 182
97 184
97 185
97 187
97 189
97 190
97 191
97 195
97 198
98 99
98 103
98 104
98 106
98 112
98 116
98 117
98 119
98 121
98 122
98 123
98 127
98 129
98 130
98 132
98 133
98 134
98 135
98 136
98 137
98 138
98 139
98 141
98 143
98 144
98 146
98 148
98 150
98 151
98 153
98 154
98 155
98 156
98 162
98 163
98 167
98 168
98 169
98 170
98 172
98 173
98 175
98 176
98 178
98 180
98 181
98 183
98 188
98 192
98 198
99 102
99 103
99 104
99 105
99 106
99 107
99 108
99 109
99 111
99 116
99 117
99 119
99 123
99 126
99 130
99 132
99 133
99 137
99 140
99 141
99 142
99 143
99 144
99 146
99 148
99 149
99 152
99 156
99 162
99 163
99 164
99 165
99 169
99 171
99 172
99 173
99 176
99 177
99 178
99 179
99 180
99 181
99 182
99 186
99 188
99 189
99 190
99 191
99 192
99 194
100 101
100 102
100 104
100 106
100 107
100 110
100 114
100 116
100 118
100 120
100 121
100 123
100 124
100 127
100 130
100 131
100 133
100 138
100 140
100 144
100 145
100 146
100 147
100 148
100 149
100 154
100 155
100 156
100 157
100 158
100 159
100 162
100 163
100 165
100 166
100 168
100 170
100 171
100 172
100 173
100 174
100 175
100 176
100 177
100 178
100 180
100 181
100 182
100 184
100 185
100 186
100 188
100 189
100 190
100 191
100 194
100 195
100 196
100 198
100 199
101 102
101 106
101 107
101 108
101 111
101 112
101 116
101 118
101 119
101 124
101 126
101 127
101 128
101 130
101 133
101 134
101 136
101 137
101 139
101 140
101 141
101 142
101 145
101 146
101 149
101 150
101 152
101 156
101 158
101 160
101 162
101 167
101 169
101 170
101 171
101 173
101 174
101 176
101 177
101 178
101 180
101 182
101 183
101 184
101 190
101 191
101 195
101 196
101 198
102 103
102 106
102 107
102 108
102 110
102 111
102 113
102 114
102 115
102 117
102 118
102 119
102 120
102 122
102 123
102 124
102 126
102 129
102 132
102 133
102 134
102 137
102 138
102 144
102 145
102 148
102 149
102 151
102 153
102 156
102 158
102 161
102 163
102 164
102 165
102 167
102 168
102 170
102 174
102 175
102 176
102 177
102 179
102 180
102 182
102 183
102 187
102 188
102 189
102 190
102 194
102 197
102 199
103 105
103 107
103 108
103 113
103 114
103 116
103 117
103 118
103 120
103 125
103 126
103 127
103 129
103 133
103 135
103 136
103 142
103 144
103 145
103 151
103 156
103 159
103 161
103 162
103 167
103 171
103 172
103 173
103 174
103 177
103 178
103 182
103 183
103 185
103 186
103 187
103 188
103 190
103 192
103 195
103 196
103 198
103 199
104 105
104 110
104 113
104 114
104 115
104 117
104 118
104 120
104 121
104 124
104 128
104 129
104 130
104 135
104 142
104 143
104 145
104 146
104 148
104 149
104 150
104 151
104 153
104 154
104 155
104 156
104 157
104 159
104 161
104 165
104 168
104 172
104 173
104 174
104 175
104 176
104 177
104 179
104 180
104 181
104 182
104 183
104 184
104 187
104 188
104 190
104 191
104 195
105 106
105 108
105 111
105 114
105 115
105 116
105 118
105 120
105 122
105 123
105 125
105 129
105 130
105 131
105 132
105 142
105 143
105 144
105 145
105 146
105 147
105 148
105 150
105 151
105 154
105 158
105 159
105 165
105 167
105 171
105 174
105 178
105 179
105 182
105 183
105 186
105 187
105 188
105 189
105 191
105 192
105 196
105 198
105 199
106 107
106 110
106 112
106 114
106 115
106 117
106 118
106 121
106 124
106 125
106 126
106 128
106 130
106 131
106 134
106 135
106 136
106 137
106 147
106 148
106 149
106 150
106 151
106 154
106 156
106 157
106 160
106 161
106 164
106 166
106 167
106 169
106 172
106 173
106 178
106 179
106 182
106 184
106 185
106 186
106 192
106 195
107 108
107 109
107 110
107 111
107 112
107 113
107 116
107 117
107 120
107 121
107 122
107 125
107 126
107 127
107 129
107 132
107 133
107 134
107 135
107 137
107 138
107 139
107 143
107 145
107 146
107 147
107 150
107 151
107 152
107 153
107 154
107 155
107 156
107 158
107 159
107 160
107 161
107 162
107 164
107 165
107 168
107 169
107 173
107 174
107 179
107 181
107 182
107 185
107 187
107 191
107 192
107 196
107 197
107 198
107 199
108 109
108 110
108 112
108 113
108 114
108 117
108 118
108 119
108 122
108 124
108 125
108 127
108 129
108 131
108 132
108 133
108 135
108 136
108 137
108 140
108 142
108 143
108 144
108 145
108 146
108 151
108 152
108 153
108 154
108 155
108 157
108 160
108 162
108 163
108 164
108 165
108 166
108 168
108 170
108 171
108 174
108 175
108 177
108 182
108 185
108 186
108 190
108 194
108 196
108 199
109 111
109 112
109 113
109 117
109 120
109 121
109 122
109 124
109 128
109 129
109 130
109 132
109 134
109 135
109 137
109 138
109 143
109 145
109 147
109 148
109 152
109 154
109 156
109 157
109 158
109 159
109 161
109 163
109 164
109 166
109 169
109 172
109 180
109 183
109 186
109 188
109 189
109 191
109 193
109 194
109 198
110 112
110 114
110 115
110 117
110 118
110 119
110 122
110 123
110 124
110 127
110 128
110 129
110 130
110 131
110 133
110 134
110 135
110 137
110 140
110 141
110 142
110 143
110 145
110 148
110 149
110 151
110 152
110 154
110 155
110 156
110 157
110 159
110 162
110 164
110 166
110 168
110 169
110 170
110 174
110 178
110 179
110 180
110 181
110 182
110 185
110 187
110 188
110 189
110 192
110 194
110 198
111 112
111 115
111 116
111 118
111 119
111 121
111 124
111 128
111 131
111 132
111 137
111 138
111 139
111 145
111 146
111 147
111 150
111 153
111 155
111 157
111 158
111 160
111 162
111 165
111 166
111 169
111 175
111 178
111 179
111 181
111 182
111 183
111 189
111 190
111 191
111 192
111 193
111 195
111 197
112 117
112 118
112 124
112 125
112 128
112 131
112 132
112 133
112 134
112 135
112 136
112 137
112 140
112 141
112 143
112 144
112 148
112 149
112 151
112 152
112 153
112 154
112 159
112 161
112 162
112 164
112 166
112 170
112 171
112 172
112 173
112 177
112 179
112 181
112 182
112 184
112 186
112 187
112 188
112 193
112 195
112 196
113 115
113 116
113 118
113 121
113 122
113 124
113 126
113 127
113 128
113 129
113 130
113 131
113 132
113 133
113 135
113 138
113 141
113 142
113 144
113 145
113 147
113 150
113 151
113 152
113 153
113 156
113 158
113 159
113 165
113 169
113 170
113 171
113 172
113 174
113 175
113 177
113 178
113 181
113 182
113 185
113 188
113 190
113 192
113 193
113 195
114 115
114 119
114 121
114 123
114 124
114 126
114 127
114 128
114 129
114 130
114 131
114 133
114 135
114 136
114 138
114 140
114 141
114 143
114 147
114 151
114 153
114 154
114 156
114 157
114 158
114 161
114 164
114 165
114 166
114 168
114 169
114 170
114 171
114 172
114 176
114 178
114 182
114 183
114 189
114 191
114 192
114 195
115 118
115 119
115 124
115 127
115 128
115 129
115 130
115 134
115 136
115 139
115 140
115 141
115 145
115 147
115 149
115 150
115 151
115 154
115 157
115 158
115 159
115 160
115 163
115 165
115 166
115 167
115 168
115 169
115 170
115 171
115 173
115 174
115 175
115 179
115 182
115 186
115 188
115 190
115 191
115 192
115 193
115 195
115 196
115 198
116 117
116 118
116 119
116 121
116 122
116 123
116 124
116 125
116 127
116 129
116 132
116 133
116 134
116 136
116 139
116 142
116 144
116 145
116 147
116 148
116 149
116 150
116 151
116 154
116 155
116 156
116 157
116 158
116 159
116 160
116 161
116 162
116 163
116 164
116 166
116 167
116 168
116 170
116 172
116 173
116 174
116 175
116 176
116 178
116 180
116 186
116 187
116 190
116 191
116 192
116 193
116 195
116 196
117 119
117 121
117 123
117 124
117 127
117 128
117 130
117 132
117 135
117 136
117 137
117 140
117 144
117 149
117 151
117 156
117 158
117 159
117 162
117 163
117 165
117 166
117 168
117 169
117 170
117 174
117 178
117 179
117 180
117 182
117 184
117 187
117 189
117 192
117 194
117 195
118 119
118 121
118 122
118 123
118 124
118 126
118 127
118 128
118 129
118 130
118 134
118 135
118 136
118 138
118 141
118 142
118 143
118 145
118 146
118 151
118 152
118 156
118 157
118 159
118 160
118 161
118 162
118 163
118 164
118 165
118 166
118 169
118 170
118 171
118 173
118 174
118 175
118 176
118 178
118 179
118 182
118 186
118 187
118 188
118 189
118 190
118 193
118 195
118 198
118 199
119 120
119 121
119 122
119 125
119 127
119 130
119 133
119 135
119 136
119 138
119 139
119 141
119 145
119 146
119 147
119 151
119 155
119 156
119 157
119 159
119 160
119 163
119 170
119 171
119 172
119 173
119 175
119 180
119 181
119 182
119 185
119 186
119 190
119 192
119 194
119 196
119 198
119 199
120 123
120 124
120 126
120 128
120 129
120 130
120 132
120 135
120 137
120 138
120 140
120 141
120 143
120 144
120 147
120 148
120 149
120 150
120 151
120 153
120 155
120 156
120 157
120 158
120 161
120 164
120 166
120 170
120 171
120 172
120 173
120 174
120 175
120 178
120 180
120 182
120 183
120 187
120 191
120 193
120 194
120 196
120 197
120 198
121 122
121 126
121 127
121 128
121 131
121 134
121 135
121 140
121 142
121 144
121 145
121 147
121 148
121 151
121 153
121 155
121 156
121 157
121 158
121 159
121 169
121 170
121 172
121 173
121 175
121 179
121 185
121 186
121 187
121 188
121 191
121 192
121 196
121 197
121 198
122 123
122 130
122 131
122 132
122 134
122 137
122 138
122 143
122 144
122 146
122 147
122 150
122 151
122 155
122 157
122 163
122 165
122 167
122 172
122 174
122 175
122 180
122 190
122 191
122 192
122 194
122 196
122 197
123 124
123 125
123 127
123 128
123 129
123 131
123 132
123 134
123 136
123 137
123 139
123 140
123 141
123 142
123 144
123 146
123 148
123 155
123 157
123 158
123 159
123 160
123 162
123 164
123 166
123 169
123 170
123 172
123 175
123 176
123 177
123 184
123 185
123 186
123 188
123 189
123 191
123 194
123 196
123 197
124 125
124 128
124 129
124 131
124 133
124 134
124 136
124 137
124 142
124 147
124 150
124 152
124 153
124 155
124 156
124 158
124 159
124 161
124 163
124 164
124 168
124 169
124 170
124 173
124 174
124 175
124 177
124 178
124 182
124 183
124 185
124 186
124 187
124 190
124 192
124 193
124 194
124 198
124 199
125 126
125 128
125 129
125 131
125 133
125 138
125 140
125 142
125 144
125 145
125 155
125 156
125 159
125 160
125 161
125 162
125 164
125 170
125 171
125 175
125 176
125 177
125 179
125 180
125 183
125 185
125 186
125 188
125 191
125 199
126 127
126 128
126 130
126 131
126 132
126 134
126 138
126 140
126 142
126 146
126 150
126 151
126 152
126 153
126 154
126 155
126 157
126 158
126 159
126 160
126 161
126 165
126 169
126 171
126 172
126 173
126 178
126 180
126 183
126 184
126 185
126 188
126 189
126 190
126 191
126 192
126 195
126 196
126 197
126 198
127 129
127 132
127 133
127 134
127 138
127 140
127 141
127 144
127 147
127 150
127 151
127 154
127 156
127 159
127 161
127 162
127 163
127 164
127 165
127 167
127 168
127 169
127 172
127 173
127 178
127 179
127 181
127 182
127 186
127 187
127 188
127 189
127 190
127 191
127 192
127 193
127 194
127 195
127 196
127 198
127 199
128 129
128 134
128 135
128 137
128 140
128 142
128 143
128 147
128 153
128 155
128 157
128 161
128 164
128 165
128 166
128 167
128 168
128 169
128 170
128 171
128 172
128 173
128 175
128 176
128 177
128 178
128 179
128 180
128 182
128 184
128 185
128 188
128 192
128 193
128 196
128 198
128 199
129 130
129 132
129 134
129 136
129 137
129 138
129 139
129 141
129 142
129 144
129 149
129 151
129 153
129 156
129 157
129 162
129 163
129 164
129 165
129 166
129 169
129 170
129 174
129 177
129 179
129 182
129 183
129 186
129 188
129 189
129 190
129 191
129 193
129 194
129 196
129 199
130 132
130 135
130 136
130 138
130 139
130 141
130 142
130 146
130 149
130 150
130 151
130 152
130 155
130 156
130 159
130 162
130 163
130 164
130 166
130 167
130 168
130 169
130 171
130 172
130 173
130 177
130 178
130 179
130 181
130 182
130 183
130 184
130 185
130 186
130 188
130 190
130 192
130 193
130 194
130 195
130 197
130 198
131 134
131 136
131 137
131 140
131 141
131 143
131 146
131 147
131 148
131 149
131 150
131 152
131 153
131 154
131 155
131 156
131 163
131 165
131 167
131 169
131 171
131 174
131 176
131 177
131 193
131 194
131 195
131 197
131 198
131 199
132 133
132 134
132 135
132 136
132 138
132 142
132 149
132 150
132 154
132 155
132 160
132 161
132 162
132 165
132 166
132 170
132 173
132 176
132 177
132 180
132 182
132 186
132 187
132 189
132 190
132 192
132 193
132 198
132 199
133 135
133 137
133 139
133 141
133 142
133 143
133 144
133 148
133 150
133 151
133 154
133 156
133 157
133 160
133 162
133 163
133 164
133 167
133 168
133 169
133 170
133 174
133 177
133 179
133 182
133 183
133 194
133 196
133 199
134 136
134 140
134 144
134 146
134 147
134 149
134 152
134 154
134 158
134 159
134 160
134 161
134 163
134 168
134 173
134 174
134 175
134 176
134 179
134 181
134 183
134 184
134 188
134 189
134 190
134 193
134 194
134 198
135 137
135 139
135 140
135 141
135 143
135 145
135 147
135 148
135 149
135 156
135 157
135 161
135 164
135 166
135 168
135 169
135 170
135 171
135 173
135 175
135 179
135 180
135 182
135 184
135 185
135 195
135 196
135 198
136 148
136 149
136 151
136 152
136 156
136 158
136 159
136 161
136 168
136 174
136 175
136 176
136 178
136 181
136 182
136 188
136 189
136 190
136 191
136 192
136 194
136 198
137 138
137 140
137 143
137 147
137 148
137 149
137 150
137 152
137 155
137 157
137 160
137 161
137 163
137 167
137 169
137 170
137 172
137 176
137 180
137 181
137 182
137 183
137 184
137 185
137 188
137 190
137 194
137 195
137 198
138 140
138 141
138 142
138 144
138 145
138 147
138 149
138 150
138 153
138 157
138 158
138 159
138 161
138 163
138 164
138 165
138 166
138 167
138 168
138 170
138 172
138 173
138 174
138 176
138 178
138 180
138 182
138 183
138 184
138 187
138 188
138 189
138 190
138 193
138 196
138 199
139 143
139 144
139 145
139 148
139 152
139 153
139 155
139 157
139 158
139 159
139 161
139 163
139 164
139 166
139 170
139 172
139 173
139 174
139 176
139 177
139 178
139 179
139 180
139 181
139 182
139 188
139 189
139 190
139 193
139 196
139 197
139 198
140 141
140 142
140 144
140 146
140 148
140 149
140 150
140 151
140 155
140 156
140 158
140 160
140 161
140 162
140 166
140 167
140 171
140 178
140 179
140 181
140 185
140 187
140 190
140 192
140 197
140 199
141 143
141 144
141 147
141 148
141 149
141 150
141 151
141 153
141 154
141 156
141 157
141 158
141 159
141 167
141 170
141 172
141 175
141 178
141 179
141 180
141 182
141 183
141 184
141 187
141 188
141 189
141 191
141 194
141 198
142 143
142 145
142 148
142 149
142 152
142 153
142 155
142 157
142 158
142 160
142 162
142 166
142 171
142 176
142 177
142 179
142 180
142 181
142 182
142 183
142 187
142 188
142 189
142 190
142 192
142 193
142 194
142 195
142 197
143 144
143 145
143 146
143 147
143 148
143 149
143 152
143 153
143 155
143 156
143 159
143 161
143 164
143 166
143 169
143 172
143 175
143 178
143 180
143 182
143 183
143 184
143 185
143 186
143 187
143 188
143 189
143 190
143 192
143 195
143 196
143 197
144 145
144 147
144 149
144 153
144 158
144 163
144 164
144 166
144 168
144 169
144 172
144 173
144 174
144 178
144 179
144 180
144 181
144 182
144 184
144 186
144 189
144 190
144 193
144 194
144 195
144 196
145 146
145 147
145 150
145 152
145 153
145 156
145 157
145 158
145 162
145 168
145 169
145 171
145 173
145 174
145 177
145 178
145 180
145 181
145 183
145 186
145 189
145 190
145 191
145 194
145 198
146 147
146 148
146 150
146 151
146 152
146 153
146 155
146 156
146 165
146 167
146 169
146 171
146 172
146 177
146 179
146 186
146 187
146 188
146 189
146 196
146 197
146 198
147 151
147 153
147 154
147 155
147 156
147 158
147 159
147 165
147 166
147 167
147 169
147 170
147 171
147 172
147 173
147 174
147 175
147 176
147 178
147 179
147 180
147 181
147 182
147 184
147 185
147 193
147 197
147 198
148 151
148 153
148 154
148 158
148 159
148 160
148 161
148 162
148 167
148 169
148 171
148 174
148 175
148 176
148 177
148 182
148 185
148 187
148 188
148 193
148 195
148 196
148 198
148 199
149 154
149 155
149 157
149 160
149 162
149 163
149 164
149 165
149 166
149 167
149 170
149 176
149 178
149 181
149 183
149 185
149 186
149 187
149 188
149 190
149 191
149 197
150 153
150 154
150 155
150 157
150 159
150 164
150 165
150 167
150 169
150 170
150 171
150 175
150 183
150 184
150 189
150 195
150 196
150 198
150 199
151 152
151 155
151 156
151 159
151 160
151 161
151 163
151 164
151 171
151 173
151 174
151 175
151 176
151 177
151 178
151 180
151 181
151 182
151 183
151 187
151 190
151 191
151 192
151 193
151 194
151 197
151 198
152 153
152 155
152 158
152 159
152 160
152 161
152 162
152 165
152 166
152 168
152 170
152 171
152 172
152 174
152 178
152 180
152 182
152 184
152 186
152 190
152 192
152 193
152 194
152 195
152 196
152 198
152 199
153 155
153 156
153 158
153 160
153 161
153 165
153 166
153 171
153 175
153 176
153 177
153 178
153 179
153 180
153 181
153 186
153 188
153 189
153 190
153 193
153 196
153 197
153 198
153 199
154 155
154 156
154 157
154 159
154 161
154 163
154 164
154 167
154 170
154 171
154 172
154 173
154 174
154 178
154 179
154 180
154 181
154 185
154 195
154 197
154 198
154 199
155 157
155 159
155 160
155 163
155 164
155 165
155 167
155 168
155 172
155 174
155 175
155 177
155 179
155 180
155 181
155 182
155 183
155 186
155 188
155 191
155 192
155 193
155 195
155 196
155 197
155 198
156 159
156 160
156 163
156 165
156 171
156 174
156 175
156 182
156 184
156 186
156 188
156 189
156 191
156 193
156 194
156 196
156 197
156 198
157 158
157 160
157 163
157 164
157 165
157 169
157 172
157 173
157 175
157 179
157 181
157 183
157 185
157 186
157 188
157 189
157 190
157 191
157 197
157 199
158 161
158 163
158 164
158 169
158 170
158 174
158 177
158 178
158 180
158 181
158 184
158 186
158 193
158 195
158 197
159 160
159 161
159 163
159 164
159 165
159 168
159 177
159 178
159 179
159 183
159 186
159 188
159 194
159 196
159 198
159 199
160 161
160 163
160 164
160 166
160 167
160 169
160 172
160 173
160 174
160 176
160 177
160 179
160 180
160 181
160 182
160 183
160 184
160 185
160 187
160 188
160 189
160 193
161 163
161 164
161 165
161 166
161 172
161 177
161 179
161 185
161 186
161 188
161 189
161 191
161 197
161 198
161 199
162 164
162 166
162 167
162 169
162 170
162 171
162 173
162 174
162 177
162 180
162 182
162 183
162 185
162 186
162 187
162 188
162 189
162 190
162 191
162 192
162 193
162 194
162 195
162 196
162 197
163 164
163 165
163 166
163 167
163 170
163 171
163 173
163 174
163 175
163 176
163 179
163 180
163 181
163 183
163 184
163 186
163 187
163 189
163 190
163 194
163 198
163 199
164 165
164 167
164 168
164 169
164 170
164 173
164 176
164 177
164 180
164 181
164 184
164 186
164 188
164 189
164 190
164 193
164 194
164 195
164 197
164 198
164 199
165 167
165 171
165 172
165 173
165 175
165 176
165 178
165 179
165 180
165 181
165 182
165 183
165 186
165 191
165 192
165 196
165 198
165 199
166 167
166 168
166 169
166 171
166 172
166 173
166 177
166 178
166 180
166 187
166 189
166 191
166 193
166 194
166 196
166 198
166 199
167 169
167 170
167 172
167 174
167 175
167 177
167 179
167 182
167 184
167 187
167 189
167 190
167 191
167 192
167 194
167 195
167 197
167 198
168 169
168 170
168 172
168 173
168 174
168 176
168 177
168 180
168 184
168 189
168 190
168 197
168 198
168 199
169 170
169 171
169 172
169 175
169 177
169 179
169 185
169 186
169 187
169 188
169 193
170 171
170 174
170 175
170 176
170 179
170 181
170 182
170 184
170 185
170 186
170 187
170 188
170 190
170 191
170 192
170 193
170 195
170 197
171 172
171 173
171 175
171 178
171 183
171 184
171 185
171 186
171 187
171 189
171 190
171 191
171 192
171 193
171 194
171 199
172 174
172 175
172 176
172 177
172 178
172 181
172 183
172 184
172 185
172 186
172 187
172 188
172 189
172 190
172 191
172 193
172 198
173 183
173 185
173 186
173 187
173 188
173 190
173 192
173 197
173 199
174 175
174 177
174 183
174 185
174 187
174 189
174 191
174 193
174 195
174 196
174 197
174 199
175 177
175 178
175 181
175 183
175 184
175 190
175 191
175 193
175 195
175 196
175 197
176 177
176 180
176 181
176 185
176 187
176 190
176 192
176 194
176 195
176 197
176 198
177 182
177 183
177 185
177 187
177 188
177 189
177 191
177 194
177 198
177 199
178 183
178 184
178 187
178 188
178 189
178 190
178 191
178 192
178 195
178 197
178 198
179 180
179 181
179 182
179 183
179 185
179 186
179 188
179 190
179 192
179 193
179 194
179 195
179 196
179 197
179 199
180 188
180 190
180 191
180 192
180 193
180 195
180 196
180 197
180 198
181 182
181 183
181 184
181 185
181 189
181 193
181 195
181 196
181 198
181 199
182 184
182 186
182 189
182 190
182 193
183 185
183 187
183 189
183 193
183 196
183 197
184 185
184 186
184 187
184 189
184 190
184 191
184 192
184 193
184 196
184 197
184 198
184 199
185 188
185 190
185 191
185 192
185 193
185 195
185 196
185 197
185 199
186 187
186 189
186 193
186 194
186 195
186 196
186 197
186 198
186 199
187 189
187 190
187 192
187 196
187 197
187 199
188 191
188 192
188 193
188 196
188 198
188 199
189 190
189 193
190 191
190 198
191 192
191 194
191 195
191 196
191 198
192 193
192 194
192 197
192 199
193 195
193 196
194 195
194 197
194 199
195 196
195 199
196 197
196 198
197 199
