200
0 2
0 5
0 7
0 8
0 11
0 12
0 14
0 21
0 22
0 23
0 25
0 26
0 29
0 30
0 34
0 35
0 38
0 40
0 42
0 44
0 46
0 47
0 52
0 53
0 57
0 60
0 61
0 62
0 64
0 65
0 67
0 70
0 77
0 78
0 81
0 83
0 88
0 90
0 93
0 94
0 98
0 101
0 104
0 105
0 106
0 107
0 108
0 109
0 110
0 111
0 115
0 118
0 119
0 122
0 123
0 124
0 125
0 127
0 129
0 131
0 134
0 136
0 137
0 138
0 139
0 143
0 144
0 146
0 152
0 153
0 154
0 155
0 158
0 160
0 161
0 167
0 169
0 171
0 173
0 177
0 179
0 182
0 186
0 187
0 188
0 190
0 191
0 192
0 196
0 197
0 198
0 199
1 2
1 3
1 5
1 14
1 15
1 17
1 21
1 22
1 25
1 28
1 29
1 30
1 31
1 34
1 37
1 41
1 42
1 43
1 45
1 46
1 49
1 50
1 51
1 53
1 55
1 57
1 58
1 59
1 60
1 65
1 67
1 69
1 70
1 71
1 73
1 74
1 76
1 79
1 80
1 81
1 82
1 85
1 86
1 90
1 91
1 93
1 96
1 97
1 98
1 101
1 102
1 103
1 104
1 106
1 107
1 112
1 113
1 119
1 120
1 123
1 124
1 125
1 128
1 130
1 134
1 136
1 139
1 141
1 143
1 144
1 145
1 146
1 148
1 151
1 156
1 157
1 158
1 159
1 160
1 161
1 163
1 164
1 166
1 168
1 170
1 173
1 174
1 175
1 176
1 178
1 182
1 183
1 184
1 191
1 192
1 193
1 194
1 195
1 199
2 3
2 4
2 6
2 7
2 9
2 11
2 13
2 14
2 15
2 17
2 19
2 23
2 24
2 25
2 30
2 31
2 32
2 33
2 34
2 36
2 37
2 38
2 39
2 40
2 41
2 42
2 44
2 45
2 47
2 48
2 49
2 53
2 54
2 55
2 57
2 61
2 62
2 64
2 66
2 69
2 70
2 71
2 72
2 73
2 74
2 75
2 76
2 77
2 79
2 80
2 83
2 87
2 90
2 91
2 92
2 93
2 94
2 95
2 100
2 102
2 104
2 108
2 109
2 110
2 113
2 116
2 119
2 120
2 122
2 124
2 125
2 127
2 129
2 130
2 133
2 135
2 137
2 141
2 144
2 146
2 149
2 151
2 152
2 156
2 157
2 160
2 166
2 167
2 169
2 170
2 172
2 173
2 174
2 175
2 176
2 177
2 178
2 179
2 187
2 189
2 190
2 193
2 195
2 197
2 199
3 4
3 5
3 8
3 13
3 14
3 15
3 16
3 17
3 19
3 21
3 22
3 24
3 25
3 26
3 28
3 30
3 31
3 32
3 33
3 38
3 39
3 40
3 41
3 43
3 44
3 46
3 48
3 51
3 52
3 53
3 54
3 56
3 58
3 59
3 65
3 66
3 67
3 70
3 71
3 72
3 75
3 79
3 80
3 81
3 83
3 84
3 87
3 88
3 89
3 92
3 93
3 95
3 96
3 98
3 101
3 103
3 104
3 105
3 106
3 107
3 109
3 111
3 112
3 114
3 116
3 117
3 120
3 125
3 128
3 129
3 133
3 136
3 137
3 138
3 139
3 141
3 143
3 144
3 146
3 150
3 155
3 157
3 161
3 165
3 166
3 168
3 169
3 173
3 176
3 180
3 181
3 185
3 186
3 187
3 189
3 190
3 191
3 192
3 193
3 199
4 6
4 10
4 11
4 13
4 15
4 17
4 18
4 20
4 21
4 24
4 25
4 31
4 34
4 39
4 40
4 43
4 44
4 46
4 47
4 48
4 49
4 51
4 52
4 54
4 55
4 56
4 59
4 61
4 64
4 65
4 66
4 69
4 70
4 71
4 73
4 75
4 82
4 85
4 87
4 88
4 90
4 92
4 94
4 97
4 98
4 100
4 101
4 103
4 104
4 105
4 106
4 109
4 110
4 115
4 119
4 122
4 123
4 124
4 126
4 128
4 129
4 130
4 131
4 132
4 136
4 140
4 141
4 142
4 144
4 145
4 146
4 148
4 151
4 153
4 154
4 155
4 158
4 160
4 161
4 164
4 165
4 166
4 170
4 172
4 173
4 174
4 176
4 178
4 179
4 180
4 181
4 182
4 183
4 184
4 185
4 186
4 194
4 196
4 197
4 198
5 7
5 8
5 9
5 11
5 12
5 14
5 17
5 18
5 19
5 21
5 24
5 26
5 27
5 30
5 32
5 33
5 35
5 38
5 40
5 41
5 42
5 43
5 45
5 49
5 51
5 52
5 53
5 54
5 55
5 58
5 59
5 62
5 63
5 65
5 67
5 68
5 70
5 71
5 72
5 73
5 79
5 86
5 89
5 90
5 92
5 93
5 97
5 100
5 103
5 105
5 107
5 109
5 111
5 114
5 115
5 118
5 119
5 120
5 121
5 122
5 123
5 126
5 127
5 130
5 131
5 133
5 134
5 135
5 136
5 138
5 139
5 141
5 142
5 144
5 145
5 146
5 149
5 151
5 152
5 156
5 157
5 159
5 162
5 166
5 169
5 170
5 171
5 174
5 175
5 176
5 177
5 181
5 182
5 184
5 185
5 187
5 188
5 190
5 192
5 196
5 198
6 7
6 8
6 9
6 11
6 13
6 18
6 19
6 22
6 23
6 26
6 30
6 32
6 34
6 35
6 37
6 40
6 41
6 45
6 47
6 48
6 49
6 52
6 53
6 56
6 57
6 60
6 62
6 63
6 64
6 67
6 69
6 73
6 75
6 76
6 79
6 80
6 81
6 83
6 84
6 85
6 86
6 87
6 88
6 89
6 95
6 97
6 100
6 104
6 106
6 107
6 113
6 116
6 118
6 121
6 122
6 123
6 125
6 127
6 132
6 133
6 134
6 135
6 142
6 143
6 145
6 146
6 148
6 152
6 153
6 154
6 155
6 156
6 157
6 158
6 159
6 162
6 163
6 165
6 167
6 168
6 174
6 178
6 179
6 181
6 183
6 185
6 186
6 188
6 192
6 195
6 199
7 9
7 10
7 11
7 13
7 15
7 19
7 20
7 21
7 24
7 27
7 28
7 31
7 33
7 34
7 35
7 37
7 39
7 42
7 44
7 45
7 48
7 50
7 51
7 52
7 53
7 54
7 58
7 59
7 60
7 62
7 63
7 66
7 67
7 72
7 74
7 75
7 76
7 80
7 82
7 85
7 88
7 92
7 93
7 94
7 99
7 100
7 101
7 102
7 103
7 104
7 108
7 109
7 112
7 113
7 114
7 115
7 116
7 118
7 119
7 120
7 122
7 127
7 128
7 129
7 131
7 132
7 134
7 137
7 138
7 141
7 144
7 148
7 149
7 150
7 152
7 154
7 155
7 157
7 159
7 160
7 161
7 162
7 163
7 170
7 171
7 173
7 174
7 175
7 176
7 177
7 180
7 181
7 184
7 186
7 188
7 190
7 191
7 192
7 193
7 196
7 197
7 198
8 9
8 14
8 16
8 17
8 18
8 19
8 20
8 21
8 23
8 25
8 27
8 32
8 33
8 44
8 48
8 49
8 53
8 55
8 56
8 57
8 59
8 60
8 61
8 64
8 66
8 67
8 68
8 69
8 70
8 71
8 73
8 75
8 77
8 80
8 81
8 84
8 85
8 88
8 89
8 91
8 92
8 93
8 96
8 97
8 98
8 99
8 103
8 104
8 106
8 107
8 109
8 111
8 112
8 114
8 115
8 116
8 118
8 122
8 123
8 127
8 128
8 131
8 133
8 135
8 138
8 140
8 141
8 142
8 143
8 147
8 148
8 149
8 150
8 151
8 152
8 157
8 160
8 162
8 165
8 167
8 169
8 172
8 173
8 174
8 176
8 179
8 180
8 185
8 188
8 190
8 191
8 192
8 194
8 195
8 196
8 198
9 10
9 11
9 12
9 14
9 16
9 17
9 20
9 22
9 24
9 25
9 27
9 28
9 31
9 33
9 34
9 35
9 39
9 41
9 42
9 45
9 47
9 48
9 53
9 54
9 55
9 57
9 58
9 59
9 61
9 62
9 63
9 64
9 65
9 66
9 68
9 69
9 74
9 75
9 77
9 87
9 90
9 91
9 94
9 98
9 101
9 102
9 103
9 105
9 108
9 109
9 111
9 113
9 115
9 116
9 117
9 120
9 121
9 122
9 123
9 124
9 126
9 127
9 130
9 131
9 136
9 137
9 138
9 139
9 141
9 145
9 146
9 147
9 150
9 151
9 154
9 157
9 159
9 160
9 163
9 164
9 166
9 173
9 174
9 175
9 176
9 177
9 178
9 183
9 184
9 188
9 191
9 192
9 197
9 199
10 13
10 15
10 17
10 19
10 20
10 21
10 22
10 25
10 26
10 27
10 30
10 32
10 37
10 39
10 40
10 45
10 47
10 49
10 51
10 53
10 54
10 57
10 59
10 60
10 62
10 64
10 67
10 69
10 70
10 73
10 76
10 80
10 83
10 85
10 86
10 90
10 93
10 94
10 99
10 100
10 101
10 102
10 106
10 107
10 108
10 110
10 111
10 115
10 124
10 125
10 126
10 128
10 131
10 133
10 137
10 138
10 140
10 145
10 148
10 149
10 150
10 153
10 157
10 159
10 161
10 163
10 165
10 167
10 168
10 169
10 170
10 172
10 175
10 178
10 180
10 181
10 182
10 187
10 189
10 190
10 191
10 192
10 193
10 195
10 196
10 197
10 198
10 199
11 15
11 16
11 17
11 18
11 22
11 24
11 26
11 28
11 33
11 37
11 39
11 41
11 43
11 44
11 45
11 47
11 49
11 51
11 52
11 54
11 59
11 61
11 63
11 64
11 65
11 67
11 69
11 72
11 75
11 76
11 77
11 80
11 81
11 83
11 84
11 85
11 86
11 88
11 90
11 93
11 94
11 96
11 98
11 103
11 104
11 107
11 108
11 110
11 111
11 112
11 115
11 119
11 120
11 123
11 125
11 127
11 128
11 133
11 134
11 136
11 138
11 139
11 140
11 141
11 142
11 143
11 144
11 146
11 147
11 148
11 149
11 151
11 152
11 157
11 160
11 161
11 164
11 165
11 168
11 170
11 171
11 173
11 178
11 179
11 180
11 183
11 184
11 186
11 187
11 190
11 196
11 197
12 14
12 15
12 20
12 23
12 26
12 27
12 28
12 29
12 30
12 31
12 32
12 34
12 36
12 37
12 40
12 41
12 45
12 46
12 50
12 51
12 52
12 53
12 54
12 63
12 65
12 67
12 72
12 75
12 76
12 77
12 78
12 83
12 84
12 86
12 88
12 89
12 91
12 93
12 94
12 96
12 98
12 99
12 100
12 101
12 102
12 104
12 105
12 107
12 108
12 113
12 116
12 120
12 126
12 127
12 129
12 130
12 131
12 133
12 134
12 135
12 137
12 138
12 142
12 144
12 146
12 147
12 148
12 150
12 151
12 152
12 153
12 159
12 161
12 162
12 163
12 165
12 166
12 172
12 173
12 175
12 176
12 179
12 180
12 181
12 185
12 187
12 190
12 192
12 195
12 197
12 199
13 14
13 16
13 22
13 23
13 24
13 26
13 28
13 30
13 31
13 32
13 34
13 35
13 37
13 41
13 45
13 50
13 51
13 52
13 53
13 55
13 56
13 57
13 58
13 59
13 61
13 63
13 66
13 70
13 72
13 74
13 76
13 77
13 81
13 90
13 92
13 94
13 95
13 96
13 97
13 101
13 102
13 103
13 104
13 106
13 112
13 113
13 116
13 123
13 124
13 126
13 127
13 128
13 129
13 130
13 134
13 141
13 142
13 144
13 146
13 147
13 149
13 150
13 154
13 155
13 157
13 158
13 160
13 161
13 163
13 164
13 165
13 166
13 168
13 169
13 177
13 178
13 179
13 180
13 183
13 185
13 187
13 189
13 191
13 196
13 199
14 15
14 16
14 18
14 20
14 22
14 26
14 27
14 28
14 29
14 37
14 38
14 40
14 41
14 43
14 45
14 46
14 47
14 48
14 49
14 50
14 54
14 56
14 59
14 60
14 61
14 63
14 64
14 67
14 70
14 71
14 73
14 75
14 76
14 77
14 79
14 81
14 82
14 83
14 84
14 86
14 87
14 89
14 93
14 94
14 95
14 98
14 99
14 100
14 101
14 103
14 106
14 108
14 109
14 110
14 111
14 114
14 115
14 116
14 117
14 118
14 119
14 120
14 123
14 124
14 126
14 129
14 130
14 133
14 134
14 136
14 139
14 141
14 142
14 145
14 151
14 155
14 159
14 160
14 161
14 163
14 164
14 165
14 166
14 169
14 170
14 172
14 173
14 176
14 177
14 178
14 179
14 181
14 184
14 185
14 186
14 187
14 191
14 192
14 193
14 198
15 16
15 18
15 20
15 23
15 26
15 28
15 29
15 32
15 33
15 35
15 36
15 42
15 43
15 46
15 47
15 48
15 52
15 53
15 58
15 60
15 63
15 64
15 66
15 67
15 68
15 71
15 72
15 73
15 75
15 76
15 77
15 78
15 80
15 84
15 85
15 89
15 92
15 94
15 95
15 96
15 97
15 98
15 99
15 100
15 104
15 109
15 111
15 112
15 114
15 117
15 118
15 119
15 120
15 121
15 122
15 123
15 124
15 125
15 126
15 130
15 132
15 135
15 139
15 140
15 142
15 143
15 149
15 151
15 156
15 158
15 161
15 165
15 167
15 170
15 171
15 172
15 176
15 177
15 178
15 180
15 181
15 183
15 190
15 191
15 193
15 194
15 195
16 17
16 19
16 20
16 21
16 23
16 24
16 25
16 26
16 27
16 28
16 31
16 34
16 37
16 38
16 39
16 43
16 44
16 45
16 47
16 50
16 51
16 52
16 56
16 57
16 60
16 62
16 63
16 65
16 67
16 69
16 72
16 74
16 75
16 77
16 84
16 85
16 87
16 89
16 90
16 92
16 93
16 95
16 97
16 98
16 99
16 100
16 101
16 102
16 103
16 104
16 106
16 107
16 108
16 111
16 116
16 117
16 120
16 122
16 124
16 129
16 132
16 133
16 134
16 135
16 137
16 140
16 141
16 142
16 143
16 144
16 146
16 148
16 149
16 151
16 152
16 153
16 156
16 160
16 161
16 162
16 164
16 167
16 169
16 170
16 172
16 178
16 180
16 182
16 183
16 184
16 190
16 197
16 199
17 18
17 22
17 26
17 28
17 30
17 32
17 33
17 34
17 36
17 38
17 39
17 41
17 42
17 45
17 47
17 48
17 51
17 57
17 59
17 61
17 62
17 63
17 64
17 65
17 66
17 67
17 68
17 70
17 76
17 79
17 82
17 83
17 84
17 86
17 89
17 93
17 95
17 96
17 98
17 102
17 104
17 106
17 108
17 110
17 111
17 112
17 113
17 115
17 119
17 120
17 121
17 124
17 127
17 128
17 129
17 130
17 135
17 138
17 140
17 141
17 142
17 146
17 149
17 151
17 152
17 154
17 158
17 160
17 162
17 164
17 167
17 168
17 169
17 170
17 171
17 172
17 174
17 175
17 180
17 181
17 183
17 184
17 187
17 189
17 191
17 192
17 194
17 195
17 198
17 199
18 19
18 25
18 31
18 34
18 39
18 40
18 41
18 42
18 43
18 45
18 52
18 55
18 56
18 58
18 60
18 61
18 62
18 67
18 72
18 73
18 74
18 75
18 76
18 78
18 79
18 80
18 81
18 83
18 84
18 85
18 86
18 88
18 91
18 94
18 95
18 96
18 97
18 98
18 99
18 102
18 103
18 105
18 106
18 107
18 108
18 111
18 113
18 116
18 118
18 121
18 123
18 125
18 126
18 129
18 130
18 132
18 136
18 138
18 139
18 141
18 143
18 144
18 145
18 147
18 151
18 154
18 155
18 157
18 158
18 159
18 164
18 165
18 166
18 169
18 170
18 171
18 176
18 178
18 179
18 181
18 184
18 186
18 187
18 190
18 191
18 193
18 195
19 24
19 26
19 29
19 33
19 34
19 35
19 39
19 40
19 41
19 44
19 45
19 47
19 48
19 49
19 50
19 55
19 57
19 59
19 61
19 63
19 64
19 65
19 66
19 67
19 68
19 73
19 75
19 76
19 77
19 80
19 82
19 83
19 84
19 88
19 89
19 90
19 92
19 95
19 96
19 97
19 98
19 99
19 100
19 101
19 102
19 104
19 105
19 107
19 109
19 111
19 112
19 116
19 121
19 122
19 124
19 125
19 126
19 129
19 130
19 131
19 132
19 134
19 135
19 141
19 143
19 146
19 147
19 148
19 150
19 157
19 159
19 163
19 164
19 168
19 170
19 171
19 173
19 176
19 177
19 178
19 179
19 181
19 184
19 186
19 187
19 193
20 21
20 23
20 24
20 26
20 27
20 29
20 30
20 31
20 34
20 35
20 37
20 38
20 39
20 41
20 42
20 46
20 47
20 48
20 52
20 53
20 54
20 55
20 57
20 58
20 62
20 63
20 64
20 65
20 66
20 69
20 71
20 72
20 75
20 77
20 78
20 84
20 88
20 90
20 93
20 95
20 96
20 98
20 99
20 101
20 102
20 104
20 105
20 106
20 107
20 108
20 109
20 111
20 113
20 114
20 115
20 119
20 122
20 123
20 127
20 132
20 134
20 137
20 140
20 141
20 143
20 147
20 148
20 150
20 151
20 152
20 154
20 157
20 163
20 164
20 166
20 168
20 169
20 170
20 174
20 177
20 180
20 181
20 182
20 183
20 184
20 187
20 188
20 190
20 191
20 192
20 193
20 194
20 196
20 197
20 198
20 199
21 23
21 24
21 28
21 33
21 35
21 41
21 43
21 44
21 45
21 46
21 47
21 48
21 49
21 51
21 52
21 53
21 54
21 55
21 56
21 59
21 60
21 62
21 63
21 64
21 69
21 70
21 74
21 81
21 82
21 83
21 86
21 89
21 90
21 93
21 94
21 95
21 97
21 101
21 106
21 109
21 114
21 115
21 116
21 122
21 123
21 124
21 125
21 128
21 130
21 132
21 133
21 135
21 136
21 140
21 141
21 142
21 144
21 147
21 148
21 151
21 153
21 155
21 157
21 166
21 167
21 170
21 171
21 172
21 176
21 177
21 180
21 181
21 182
21 184
21 185
21 187
21 189
21 190
21 194
21 196
21 197
21 199
22 23
22 24
22 25
22 27
22 28
22 31
22 36
22 37
22 38
22 39
22 42
22 44
22 45
22 46
22 47
22 48
22 49
22 50
22 53
22 54
22 58
22 59
22 61
22 63
22 65
22 72
22 75
22 76
22 78
22 80
22 82
22 83
22 86
22 88
22 89
22 94
22 95
22 96
22 97
22 99
22 105
22 109
22 110
22 116
22 117
22 118
22 119
22 120
22 121
22 122
22 123
22 124
22 125
22 127
22 128
22 133
22 135
22 137
22 139
22 140
22 142
22 146
22 147
22 149
22 150
22 152
22 154
22 157
22 158
22 160
22 162
22 163
22 165
22 166
22 168
22 172
22 173
22 176
22 177
22 179
22 181
22 183
22 184
22 185
22 187
22 189
22 190
22 198
22 199
23 24
23 25
23 29
23 30
23 31
23 32
23 33
23 36
23 38
23 39
23 42
23 43
23 45
23 46
23 49
23 51
23 53
23 55
23 56
23 58
23 59
23 60
23 61
23 62
23 63
23 67
23 68
23 72
23 74
23 76
23 78
23 79
23 80
23 82
23 83
23 84
23 86
23 87
23 90
23 91
23 93
23 95
23 96
23 98
23 99
23 102
23 104
23 105
23 106
23 108
23 110
23 111
23 112
23 113
23 114
23 116
23 123
23 126
23 128
23 129
23 132
23 133
23 135
23 136
23 138
23 139
23 141
23 142
23 143
23 145
23 146
23 152
23 153
23 154
23 155
23 156
23 161
23 163
23 164
23 165
23 167
23 169
23 172
23 173
23 176
23 177
23 178
23 181
23 183
23 184
23 185
23 187
23 188
23 189
23 190
23 193
23 195
24 25
24 28
24 29
24 30
24 35
24 37
24 38
24 40
24 43
24 44
24 46
24 47
24 49
24 50
24 53
24 54
24 55
24 60
24 64
24 66
24 70
24 73
24 75
24 80
24 81
24 82
24 83
24 87
24 90
24 91
24 93
24 94
24 96
24 98
24 102
24 106
24 108
24 111
24 112
24 113
24 117
24 119
24 127
24 128
24 129
24 133
24 135
24 137
24 138
24 139
24 140
24 141
24 145
24 146
24 147
24 148
24 149
24 151
24 152
24 154
24 159
24 162
24 165
24 166
24 167
24 169
24 170
24 171
24 173
24 174
24 175
24 176
24 179
24 181
24 182
24 183
24 185
24 188
24 190
24 192
24 193
24 194
24 195
24 196
24 199
25 29
25 32
25 36
25 37
25 38
25 39
25 41
25 42
25 45
25 47
25 49
25 50
25 51
25 52
25 54
25 56
25 57
25 61
25 62
25 63
25 65
25 69
25 71
25 74
25 77
25 79
25 80
25 82
25 84
25 86
25 88
25 90
25 91
25 94
25 96
25 99
25 100
25 101
25 102
25 103
25 104
25 106
25 107
25 114
25 117
25 119
25 121
25 123
25 124
25 125
25 128
25 132
25 133
25 135
25 137
25 142
25 145
25 152
25 155
25 156
25 158
25 159
25 163
25 164
25 168
25 171
25 173
25 177
25 179
25 180
25 182
25 184
25 186
25 188
25 190
25 193
25 194
25 195
25 197
25 199
26 30
26 31
26 32
26 33
26 34
26 35
26 36
26 42
26 47
26 48
26 50
26 51
26 53
26 56
26 57
26 66
26 67
26 68
26 70
26 71
26 72
26 73
26 79
26 80
26 82
26 85
26 87
26 93
26 100
26 102
26 104
26 105
26 106
26 107
26 109
26 110
26 112
26 114
26 115
26 116
26 117
26 121
26 122
26 123
26 125
26 133
26 134
26 135
26 138
26 139
26 140
26 145
26 146
26 147
26 149
26 150
26 151
26 153
26 154
26 155
26 156
26 157
26 160
26 162
26 165
26 168
26 169
26 170
26 172
26 173
26 174
26 179
26 180
26 183
26 187
26 188
26 191
26 194
26 195
26 196
26 197
27 28
27 29
27 30
27 36
27 38
27 39
27 41
27 43
27 46
27 47
27 48
27 49
27 50
27 51
27 52
27 54
27 55
27 56
27 57
27 61
27 62
27 63
27 65
27 68
27 72
27 73
27 77
27 78
27 79
27 80
27 82
27 83
27 87
27 89
27 94
27 99
27 101
27 102
27 103
27 104
27 105
27 106
27 111
27 113
27 114
27 115
27 117
27 118
27 122
27 130
27 134
27 137
27 138
27 139
27 142
27 143
27 144
27 145
27 146
27 147
27 150
27 151
27 152
27 154
27 155
27 160
27 163
27 165
27 167
27 168
27 170
27 172
27 173
27 177
27 178
27 179
27 180
27 181
27 182
27 184
27 185
27 191
27 193
27 194
27 195
27 197
27 198
27 199
28 29
28 30
28 31
28 34
28 35
28 36
28 37
28 39
28 40
28 42
28 44
28 46
28 47
28 49
28 54
28 57
28 59
28 60
28 63
28 64
28 69
28 70
28 73
28 74
28 75
28 77
28 78
28 79
28 82
28 83
28 84
28 85
28 87
28 89
28 91
28 92
28 93
28 96
28 97
28 104
28 106
28 107
28 113
28 117
28 118
28 120
28 122
28 123
28 127
28 128
28 129
28 132
28 133
28 135
28 137
28 147
28 148
28 155
28 158
28 159
28 160
28 161
28 162
28 163
28 164
28 165
28 169
28 176
28 178
28 179
28 181
28 185
28 186
28 188
28 192
28 193
28 196
28 198
28 199
29 30
29 33
29 35
29 36
29 38
29 40
29 42
29 43
29 44
29 48
29 49
29 52
29 53
29 54
29 55
29 58
29 61
29 64
29 70
29 74
29 76
29 79
29 80
29 82
29 83
29 87
29 88
29 90
29 92
29 94
29 95
29 102
29 106
29 108
29 110
29 111
29 113
29 114
29 119
29 120
29 122
29 123
29 128
29 129
29 130
29 131
29 133
29 134
29 136
29 137
29 140
29 141
29 142
29 143
29 147
29 148
29 150
29 161
29 163
29 164
29 165
29 166
29 167
29 170
29 172
29 173
29 174
29 175
29 176
29 178
29 179
29 180
29 181
29 183
29 184
29 187
29 188
29 193
29 194
29 196
29 197
30 32
30 33
30 35
30 37
30 38
30 41
30 43
30 44
30 45
30 46
30 48
30 50
30 51
30 53
30 54
30 57
30 60
30 62
30 63
30 69
30 70
30 71
30 72
30 74
30 75
30 77
30 78
30 81
30 82
30 84
30 86
30 87
30 88
30 89
30 91
30 93
30 94
30 95
30 99
30 100
30 102
30 106
30 107
30 110
30 117
30 118
30 119
30 120
30 121
30 123
30 125
30 126
30 127
30 130
30 131
30 132
30 133
30 140
30 142
30 143
30 144
30 145
30 146
30 147
30 149
30 152
30 155
30 156
30 165
30 167
30 168
30 169
30 170
30 174
30 175
30 176
30 177
30 179
30 181
30 182
30 183
30 184
30 187
30 190
30 194
31 32
31 38
31 39
31 40
31 41
31 42
31 43
31 44
31 45
31 49
31 50
31 55
31 57
31 59
31 60
31 61
31 62
31 63
31 64
31 66
31 71
31 72
31 74
31 77
31 78
31 79
31 81
31 82
31 91
31 92
31 93
31 95
31 98
31 99
31 102
31 103
31 108
31 111
31 112
31 114
31 116
31 117
31 118
31 119
31 122
31 124
31 125
31 128
31 129
31 131
31 132
31 138
31 139
31 140
31 142
31 144
31 147
31 151
31 154
31 164
31 165
31 166
31 169
31 170
31 171
31 174
31 176
31 179
31 181
31 182
31 183
31 184
31 185
31 186
31 187
31 191
31 192
31 193
32 33
32 35
32 36
32 41
32 44
32 45
32 46
32 48
32 49
32 51
32 53
32 54
32 56
32 62
32 65
32 66
32 69
32 71
32 72
32 73
32 74
32 76
32 79
32 81
32 83
32 86
32 88
32 90
32 91
32 94
32 95
32 96
32 97
32 98
32 99
32 101
32 105
32 106
32 112
32 119
32 121
32 126
32 129
32 132
32 133
32 135
32 136
32 137
32 138
32 139
32 140
32 146
32 147
32 149
32 150
32 151
32 153
32 155
32 158
32 159
32 167
32 168
32 171
32 173
32 176
32 178
32 179
32 180
32 185
32 190
32 191
32 193
32 195
32 196
32 198
33 36
33 38
33 41
33 48
33 53
33 58
33 60
33 65
33 67
33 68
33 69
33 71
33 72
33 74
33 75
33 78
33 83
33 85
33 91
33 92
33 94
33 95
33 99
33 100
33 105
33 107
33 108
33 111
33 112
33 114
33 115
33 116
33 117
33 118
33 122
33 126
33 128
33 129
33 132
33 133
33 134
33 139
33 140
33 141
33 142
33 143
33 145
33 146
33 148
33 152
33 153
33 154
33 155
33 157
33 158
33 159
33 161
33 164
33 166
33 167
33 168
33 169
33 172
33 174
33 176
33 178
33 179
33 180
33 181
33 182
33 186
33 190
33 191
33 192
33 193
33 194
33 195
33 197
33 198
33 199
34 36
34 39
34 42
34 43
34 44
34 48
34 49
34 52
34 53
34 54
34 55
34 56
34 57
34 61
34 63
34 65
34 66
34 67
34 68
34 70
34 71
34 72
34 73
34 75
34 78
34 79
34 80
34 81
34 83
34 84
34 85
34 87
34 90
34 91
34 92
34 94
34 95
34 97
34 98
34 102
34 104
34 110
34 112
34 114
34 117
34 119
34 120
34 122
34 123
34 124
34 126
34 129
34 131
34 132
34 133
34 134
34 137
34 139
34 140
34 144
34 147
34 148
34 149
34 150
34 152
34 153
34 156
34 157
34 158
34 159
34 162
34 166
34 167
34 169
34 171
34 173
34 175
34 176
34 178
34 179
34 183
34 185
34 186
34 191
34 192
34 198
34 199
35 36
35 42
35 44
35 47
35 51
35 53
35 54
35 56
35 57
35 59
35 60
35 62
35 64
35 66
35 67
35 71
35 73
35 75
35 77
35 79
35 81
35 83
35 84
35 89
35 93
35 94
35 95
35 96
35 98
35 99
35 102
35 108
35 111
35 112
35 113
35 115
35 116
35 117
35 118
35 119
35 120
35 121
35 122
35 125
35 126
35 127
35 129
35 133
35 137
35 138
35 140
35 141
35 143
35 144
35 146
35 147
35 151
35 154
35 157
35 160
35 161
35 166
35 167
35 168
35 169
35 172
35 173
35 174
35 175
35 177
35 179
35 180
35 183
35 184
35 186
35 189
35 190
35 193
35 194
35 195
35 197
35 198
36 37
36 38
36 40
36 42
36 45
36 46
36 48
36 49
36 51
36 54
36 55
36 56
36 57
36 58
36 59
36 60
36 67
36 68
36 70
36 72
36 77
36 80
36 81
36 82
36 83
36 86
36 87
36 89
36 90
36 93
36 96
36 99
36 100
36 103
36 105
36 106
36 107
36 109
36 110
36 111
36 113
36 115
36 118
36 119
36 120
36 124
36 126
36 129
36 130
36 131
36 133
36 134
36 136
36 137
36 138
36 139
36 140
36 144
36 145
36 146
36 147
36 152
36 153
36 158
36 160
36 163
36 169
36 175
36 177
36 179
36 180
36 182
36 183
36 184
36 185
36 186
36 188
36 189
36 190
36 191
36 193
36 194
36 195
36 196
36 197
36 198
37 40
37 41
37 42
37 43
37 44
37 45
37 46
37 50
37 51
37 52
37 54
37 56
37 58
37 65
37 66
37 69
37 73
37 74
37 76
37 77
37 78
37 79
37 84
37 85
37 87
37 88
37 89
37 90
37 93
37 94
37 96
37 99
37 100
37 101
37 102
37 105
37 106
37 108
37 111
37 112
37 113
37 114
37 116
37 117
37 118
37 119
37 123
37 124
37 125
37 126
37 127
37 130
37 131
37 132
37 133
37 134
37 135
37 136
37 143
37 145
37 147
37 150
37 152
37 153
37 155
37 156
37 159
37 168
37 169
37 171
37 173
37 176
37 179
37 180
37 182
37 184
37 185
37 189
37 193
38 39
38 43
38 45
38 48
38 51
38 52
38 54
38 55
38 59
38 62
38 63
38 66
38 67
38 70
38 72
38 73
38 74
38 76
38 77
38 78
38 83
38 86
38 87
38 89
38 92
38 93
38 95
38 96
38 99
38 101
38 104
38 106
38 107
38 108
38 109
38 111
38 112
38 114
38 115
38 116
38 117
38 119
38 121
38 122
38 123
38 126
38 127
38 131
38 133
38 135
38 139
38 140
38 145
38 146
38 148
38 149
38 150
38 152
38 154
38 155
38 158
38 161
38 162
38 163
38 165
38 169
38 170
38 172
38 173
38 174
38 176
38 179
38 180
38 181
38 182
38 183
38 185
38 186
38 187
38 188
38 189
38 191
38 193
38 194
38 195
38 196
39 40
39 43
39 44
39 45
39 47
39 49
39 50
39 51
39 53
39 54
39 57
39 58
39 60
39 61
39 62
39 63
39 64
39 66
39 67
39 71
39 72
39 73
39 75
39 78
39 79
39 80
39 82
39 83
39 85
39 87
39 88
39 89
39 90
39 93
39 94
39 96
39 97
39 99
39 100
39 102
39 104
39 105
39 106
39 108
39 112
39 113
39 117
39 119
39 120
39 121
39 124
39 128
39 132
39 133
39 136
39 137
39 142
39 143
39 144
39 152
39 154
39 155
39 161
39 164
39 165
39 167
39 169
39 170
39 173
39 174
39 176
39 177
39 178
39 180
39 182
39 184
39 185
39 186
39 188
39 194
39 195
40 41
40 42
40 44
40 46
40 47
40 51
40 53
40 59
40 61
40 63
40 64
40 66
40 68
40 69
40 70
40 71
40 72
40 73
40 75
40 76
40 79
40 82
40 83
40 84
40 85
40 89
40 90
40 91
40 92
40 94
40 95
40 98
40 99
40 104
40 108
40 109
40 110
40 114
40 115
40 117
40 118
40 119
40 120
40 121
40 122
40 124
40 125
40 130
40 131
40 134
40 136
40 137
40 141
40 142
40 147
40 148
40 151
40 155
40 157
40 158
40 159
40 160
40 163
40 164
40 165
40 166
40 167
40 168
40 174
40 175
40 176
40 178
40 179
40 181
40 182
40 184
40 185
40 186
40 189
40 191
40 192
40 196
40 197
40 198
40 199
41 42
41 43
41 44
41 47
41 51
41 52
41 53
41 54
41 56
41 57
41 58
41 63
41 64
41 68
41 69
41 70
41 71
41 72
41 74
41 77
41 78
41 79
41 80
41 81
41 82
41 84
41 86
41 89
41 91
41 92
41 93
41 95
41 97
41 98
41 99
41 100
41 101
41 102
41 105
41 107
41 109
41 111
41 115
41 118
41 119
41 122
41 124
41 126
41 127
41 128
41 129
41 137
41 139
41 140
41 144
41 145
41 146
41 148
41 149
41 152
41 153
41 154
41 156
41 157
41 159
41 161
41 162
41 164
41 165
41 166
41 168
41 169
41 170
41 171
41 175
41 176
41 177
41 178
41 179
41 183
41 184
41 185
41 186
41 187
41 189
41 191
41 192
41 193
41 195
42 47
42 48
42 50
42 51
42 52
42 53
42 54
42 56
42 58
42 59
42 60
42 61
42 62
42 63
42 64
42 65
42 66
42 67
42 76
42 77
42 78
42 79
42 81
42 82
42 84
42 85
42 86
42 87
42 88
42 91
42 92
42 95
42 97
42 99
42 100
42 101
42 103
42 104
42 105
42 107
42 110
42 113
42 116
42 118
42 119
42 122
42 123
42 124
42 125
42 126
42 127
42 132
42 134
42 136
42 137
42 138
42 142
42 146
42 148
42 150
42 152
42 154
42 156
42 157
42 160
42 161
42 162
42 166
42 168
42 170
42 171
42 172
42 173
42 174
42 179
42 180
42 182
42 184
42 185
42 186
42 190
42 193
42 195
42 197
42 198
42 199
43 48
43 50
43 52
43 54
43 55
43 57
43 58
43 59
43 60
43 61
43 62
43 65
43 66
43 67
43 68
43 70
43 73
43 74
43 76
43 77
43 78
43 79
43 80
43 82
43 87
43 89
43 90
43 92
43 95
43 96
43 99
43 100
43 101
43 102
43 104
43 108
43 109
43 110
43 111
43 112
43 114
43 116
43 119
43 121
43 123
43 126
43 128
43 129
43 131
43 133
43 135
43 137
43 138
43 139
43 141
43 143
43 145
43 147
43 151
43 152
43 153
43 156
43 157
43 158
43 160
43 161
43 162
43 164
43 165
43 167
43 170
43 171
43 172
43 174
43 180
43 181
43 184
43 185
43 186
43 187
43 188
43 191
43 193
43 195
43 196
43 197
43 198
43 199
44 48
44 49
44 50
44 53
44 54
44 55
44 57
44 58
44 59
44 60
44 61
44 63
44 64
44 66
44 67
44 68
44 69
44 71
44 73
44 74
44 76
44 78
44 80
44 81
44 82
44 83
44 84
44 85
44 88
44 94
44 102
44 103
44 104
44 105
44 108
44 109
44 110
44 111
44 112
44 114
44 115
44 116
44 117
44 118
44 119
44 120
44 123
44 124
44 125
44 127
44 129
44 130
44 131
44 132
44 133
44 137
44 138
44 141
44 142
44 145
44 146
44 149
44 151
44 153
44 155
44 157
44 158
44 161
44 162
44 163
44 164
44 168
44 171
44 172
44 174
44 175
44 178
44 180
44 181
44 182
44 183
44 186
44 187
44 188
44 189
44 191
44 196
44 197
44 199
45 47
45 48
45 49
45 52
45 54
45 57
45 58
45 59
45 60
45 61
45 64
45 68
45 69
45 70
45 71
45 72
45 73
45 75
45 77
45 79
45 81
45 82
45 84
45 85
45 86
45 87
45 88
45 91
45 92
45 93
45 95
45 102
45 103
45 113
45 115
45 116
45 117
45 118
45 119
45 122
45 124
45 128
45 130
45 132
45 134
45 136
45 137
45 144
45 145
45 146
45 148
45 149
45 150
45 151
45 152
45 153
45 156
45 160
45 162
45 164
45 165
45 166
45 172
45 173
45 174
45 175
45 178
45 179
45 180
45 181
45 184
45 190
45 193
45 195
45 197
45 198
45 199
46 48
46 49
46 50
46 51
46 52
46 54
46 55
46 56
46 61
46 62
46 64
46 67
46 69
46 71
46 74
46 77
46 80
46 81
46 85
46 90
46 92
46 93
46 95
46 96
46 97
46 99
46 102
46 104
46 109
46 110
46 111
46 112
46 114
46 118
46 120
46 122
46 123
46 124
46 126
46 127
46 129
46 130
46 131
46 134
46 135
46 138
46 141
46 142
46 143
46 144
46 145
46 146
46 147
46 148
46 151
46 160
46 165
46 166
46 167
46 170
46 175
46 178
46 179
46 181
46 182
46 183
46 184
46 185
46 186
46 187
46 188
46 189
46 190
46 192
46 193
46 194
47 52
47 53
47 56
47 57
47 58
47 62
47 65
47 68
47 69
47 70
47 74
47 76
47 77
47 81
47 82
47 83
47 84
47 85
47 86
47 87
47 89
47 92
47 93
47 95
47 97
47 99
47 100
47 105
47 106
47 107
47 111
47 112
47 114
47 115
47 116
47 120
47 122
47 123
47 124
47 125
47 126
47 128
47 130
47 131
47 133
47 134
47 135
47 136
47 137
47 139
47 140
47 141
47 142
47 144
47 147
47 149
47 150
47 151
47 152
47 155
47 159
47 161
47 162
47 166
47 167
47 168
47 171
47 172
47 174
47 178
47 179
47 180
47 187
47 188
47 189
47 192
47 195
47 196
47 197
47 198
48 49
48 50
48 60
48 62
48 67
48 73
48 75
48 78
48 79
48 80
48 83
48 85
48 86
48 89
48 95
48 97
48 105
48 106
48 107
48 108
48 110
48 111
48 112
48 114
48 115
48 118
48 120
48 122
48 128
48 133
48 141
48 142
48 146
48 147
48 149
48 151
48 154
48 156
48 160
48 163
48 166
48 168
48 169
48 171
48 172
48 177
48 184
48 185
48 187
48 188
48 190
48 191
48 194
48 197
48 198
48 199
49 52
49 56
49 57
49 59
49 60
49 62
49 64
49 65
49 66
49 67
49 69
49 74
49 79
49 81
49 82
49 83
49 84
49 88
49 90
49 94
49 97
49 100
49 101
49 102
49 106
49 107
49 108
49 110
49 111
49 113
49 115
49 116
49 118
49 119
49 121
49 122
49 123
49 125
49 128
49 129
49 132
49 134
49 135
49 137
49 142
49 144
49 145
49 146
49 147
49 148
49 149
49 150
49 152
49 153
49 154
49 156
49 157
49 159
49 160
49 161
49 163
49 165
49 166
49 167
49 168
49 170
49 173
49 175
49 177
49 180
49 181
49 182
49 183
49 185
49 186
49 187
49 188
49 189
49 190
49 191
49 192
49 193
49 194
49 195
49 196
49 198
49 199
50 54
50 56
50 57
50 61
50 62
50 64
50 66
50 67
50 68
50 71
50 72
50 74
50 76
50 77
50 78
50 79
50 80
50 84
50 85
50 87
50 89
50 91
50 92
50 93
50 95
50 97
50 102
50 105
50 106
50 107
50 109
50 110
50 112
50 114
50 116
50 119
50 120
50 131
50 132
50 135
50 136
50 137
50 138
50 143
50 145
50 147
50 150
50 151
50 155
50 156
50 158
50 159
50 160
50 162
50 164
50 170
50 171
50 178
50 181
50 182
50 184
50 185
50 186
50 187
50 191
50 193
50 194
50 195
50 199
51 52
51 53
51 55
51 58
51 62
51 63
51 65
51 66
51 67
51 69
51 70
51 73
51 74
51 75
51 77
51 79
51 80
51 82
51 85
51 86
51 88
51 89
51 90
51 92
51 93
51 94
51 95
51 97
51 98
51 99
51 100
51 102
51 105
51 107
51 111
51 113
51 115
51 118
51 119
51 120
51 123
51 124
51 125
51 127
51 128
51 130
51 131
51 132
51 133
51 134
51 135
51 136
51 137
51 139
51 140
51 142
51 143
51 144
51 145
51 146
51 147
51 150
51 151
51 152
51 158
51 160
51 164
51 165
51 167
51 168
51 169
51 171
51 172
51 173
51 175
51 176
51 178
51 179
51 180
51 181
51 183
51 184
51 185
51 191
51 193
51 194
51 195
51 199
52 53
52 54
52 57
52 59
52 61
52 62
52 64
52 70
52 72
52 73
52 74
52 77
52 79
52 81
52 83
52 90
52 91
52 92
52 93
52 96
52 100
52 104
52 106
52 107
52 108
52 109
52 111
52 113
52 114
52 116
52 117
52 118
52 119
52 120
52 122
52 123
52 124
52 125
52 130
52 137
52 139
52 140
52 143
52 146
52 148
52 152
52 157
52 159
52 161
52 162
52 165
52 167
52 168
52 171
52 174
52 176
52 182
52 185
52 188
52 189
52 191
52 195
52 196
52 197
53 54
53 56
53 61
53 65
53 66
53 67
53 68
53 72
53 75
53 77
53 79
53 80
53 82
53 83
53 84
53 85
53 87
53 88
53 93
53 97
53 98
53 99
53 103
53 104
53 105
53 107
53 108
53 109
53 111
53 113
53 114
53 115
53 116
53 118
53 119
53 120
53 121
53 123
53 125
53 126
53 128
53 129
53 131
53 132
53 133
53 134
53 136
53 137
53 138
53 142
53 143
53 148
53 149
53 150
53 151
53 152
53 153
53 158
53 159
53 160
53 162
53 164
53 165
53 166
53 169
53 170
53 172
53 173
53 174
53 175
53 176
53 177
53 180
53 181
53 182
53 183
53 184
53 187
53 193
53 196
53 198
53 199
54 55
54 57
54 59
54 61
54 62
54 63
54 64
54 66
54 69
54 70
54 75
54 76
54 77
54 78
54 79
54 80
54 81
54 82
54 84
54 86
54 92
54 93
54 94
54 96
54 97
54 98
54 99
54 100
54 101
54 102
54 105
54 108
54 109
54 111
54 112
54 113
54 114
54 119
54 120
54 121
54 126
54 129
54 130
54 131
54 136
54 138
54 139
54 140
54 141
54 142
54 143
54 144
54 147
54 148
54 151
54 154
54 156
54 157
54 162
54 163
54 164
54 165
54 168
54 170
54 172
54 173
54 177
54 180
54 182
54 183
54 185
54 186
54 187
54 189
54 190
54 193
54 198
55 56
55 61
55 62
55 65
55 67
55 68
55 70
55 71
55 72
55 73
55 74
55 75
55 76
55 78
55 80
55 81
55 84
55 86
55 87
55 89
55 90
55 91
55 92
55 93
55 95
55 96
55 100
55 102
55 106
55 107
55 109
55 111
55 112
55 113
55 114
55 117
55 122
55 123
55 129
55 130
55 131
55 134
55 135
55 137
55 139
55 144
55 145
55 146
55 147
55 148
55 151
55 153
55 154
55 155
55 158
55 160
55 161
55 167
55 169
55 171
55 174
55 175
55 179
55 180
55 181
55 183
55 185
55 187
55 189
55 191
55 195
55 198
56 58
56 64
56 65
56 67
56 68
56 76
56 77
56 80
56 86
56 89
56 91
56 92
56 99
56 102
56 103
56 105
56 107
56 111
56 113
56 118
56 119
56 121
56 126
56 127
56 129
56 130
56 133
56 136
56 140
56 141
56 142
56 147
56 150
56 152
56 154
56 157
56 160
56 161
56 162
56 163
56 164
56 166
56 167
56 169
56 170
56 171
56 173
56 175
56 176
56 178
56 179
56 182
56 186
56 188
56 191
56 193
56 195
56 198
57 59
57 62
57 71
57 72
57 74
57 75
57 76
57 78
57 80
57 81
57 82
57 90
57 91
57 95
57 98
57 100
57 101
57 103
57 104
57 105
57 107
57 110
57 111
57 116
57 118
57 121
57 122
57 123
57 124
57 127
57 128
57 129
57 130
57 132
57 133
57 134
57 135
57 136
57 138
57 139
57 141
57 144
57 145
57 146
57 149
57 152
57 153
57 154
57 156
57 159
57 160
57 161
57 162
57 169
57 170
57 171
57 176
57 177
57 181
57 183
57 186
57 188
57 192
57 194
57 195
57 196
57 197
57 198
58 60
58 61
58 69
58 71
58 72
58 73
58 74
58 75
58 81
58 83
58 87
58 90
58 91
58 92
58 95
58 96
58 99
58 100
58 102
58 103
58 109
58 110
58 111
58 113
58 116
58 118
58 119
58 120
58 121
58 124
58 125
58 126
58 127
58 129
58 130
58 131
58 133
58 134
58 138
58 141
58 143
58 150
58 153
58 155
58 158
58 160
58 162
58 168
58 169
58 171
58 172
58 173
58 179
58 181
58 186
58 189
58 190
58 191
58 194
58 195
58 196
58 197
59 60
59 61
59 62
59 63
59 64
59 65
59 67
59 68
59 70
59 73
59 76
59 77
59 78
59 81
59 86
59 87
59 89
59 90
59 91
59 92
59 94
59 95
59 99
59 101
59 102
59 106
59 107
59 110
59 112
59 113
59 114
59 116
59 121
59 123
59 124
59 126
59 127
59 128
59 132
59 133
59 134
59 135
59 136
59 137
59 143
59 149
59 150
59 151
59 153
59 154
59 158
59 160
59 161
59 163
59 165
59 166
59 167
59 168
59 172
59 174
59 175
59 176
59 178
59 181
59 182
59 183
59 188
59 189
59 192
59 195
59 198
59 199
60 63
60 64
60 66
60 67
60 69
60 72
60 76
60 77
60 81
60 82
60 83
60 87
60 89
60 93
60 94
60 96
60 97
60 99
60 101
60 103
60 104
60 105
60 106
60 107
60 109
60 114
60 117
60 118
60 121
60 122
60 123
60 127
60 129
60 130
60 134
60 137
60 140
60 142
60 145
60 146
60 147
60 150
60 151
60 152
60 153
60 155
60 157
60 159
60 161
60 166
60 168
60 169
60 171
60 172
60 173
60 175
60 178
60 180
60 182
60 185
60 188
60 189
60 190
60 191
60 194
60 195
60 199
61 62
61 66
61 67
61 69
61 70
61 71
61 75
61 76
61 77
61 79
61 81
61 82
61 83
61 87
61 88
61 89
61 93
61 95
61 96
61 97
61 98
61 99
61 101
61 103
61 104
61 105
61 106
61 107
61 108
61 109
61 110
61 115
61 116
61 117
61 118
61 120
61 121
61 124
61 125
61 129
61 133
61 135
61 139
61 141
61 143
61 146
61 148
61 150
61 151
61 153
61 154
61 155
61 158
61 159
61 164
61 165
61 166
61 172
61 173
61 178
61 179
61 181
61 182
61 185
61 189
61 190
61 191
61 193
61 194
61 196
61 197
61 199
62 64
62 65
62 67
62 68
62 72
62 73
62 74
62 76
62 81
62 82
62 86
62 89
62 90
62 91
62 92
62 95
62 96
62 98
62 99
62 101
62 102
62 103
62 104
62 108
62 109
62 110
62 112
62 113
62 114
62 116
62 117
62 120
62 121
62 126
62 130
62 131
62 132
62 136
62 137
62 139
62 140
62 141
62 142
62 143
62 144
62 147
62 157
62 158
62 159
62 160
62 161
62 163
62 164
62 165
62 166
62 169
62 170
62 171
62 172
62 175
62 177
62 182
62 184
62 186
62 188
62 196
63 69
63 73
63 76
63 78
63 79
63 81
63 83
63 86
63 88
63 89
63 92
63 94
63 96
63 98
63 99
63 103
63 104
63 106
63 107
63 110
63 111
63 112
63 113
63 114
63 115
63 118
63 120
63 121
63 122
63 123
63 124
63 127
63 131
63 135
63 136
63 137
63 140
63 143
63 144
63 145
63 147
63 149
63 151
63 153
63 154
63 157
63 158
63 160
63 162
63 164
63 165
63 167
63 168
63 169
63 172
63 173
63 174
63 176
63 177
63 180
63 181
63 183
63 184
63 185
63 187
63 189
63 193
63 194
63 195
63 197
63 198
63 199
64 65
64 67
64 69
64 70
64 72
64 73
64 74
64 75
64 76
64 77
64 78
64 79
64 81
64 83
64 86
64 87
64 89
64 91
64 92
64 94
64 95
64 97
64 99
64 100
64 103
64 104
64 107
64 108
64 110
64 111
64 112
64 115
64 116
64 118
64 119
64 120
64 122
64 126
64 127
64 129
64 131
64 133
64 135
64 138
64 139
64 141
64 155
64 157
64 159
64 160
64 164
64 165
64 166
64 167
64 170
64 171
64 175
64 181
64 184
64 186
64 187
64 190
64 191
64 192
64 194
64 199
65 67
65 68
65 71
65 72
65 74
65 76
65 77
65 78
65 79
65 81
65 82
65 87
65 88
65 89
65 90
65 91
65 93
65 94
65 96
65 97
65 101
65 105
65 106
65 110
65 112
65 113
65 117
65 118
65 119
65 121
65 122
65 123
65 125
65 128
65 132
65 135
65 136
65 141
65 143
65 144
65 145
65 147
65 153
65 156
65 157
65 161
65 165
65 167
65 168
65 170
65 171
65 173
65 176
65 177
65 181
65 183
65 184
65 185
65 188
65 189
65 190
65 193
65 194
65 196
65 197
65 198
66 68
66 70
66 71
66 73
66 76
66 80
66 81
66 82
66 84
66 85
66 86
66 89
66 90
66 91
66 94
66 96
66 97
66 98
66 99
66 100
66 102
66 104
66 106
66 111
66 112
66 113
66 115
66 116
66 117
66 122
66 123
66 126
66 127
66 128
66 130
66 132
66 133
66 148
66 151
66 155
66 156
66 159
66 160
66 169
66 171
66 174
66 175
66 177
66 178
66 180
66 181
66 182
66 183
66 184
66 185
66 187
66 188
66 191
66 193
66 195
66 196
66 197
66 198
66 199
67 69
67 71
67 72
67 73
67 74
67 79
67 81
67 83
67 84
67 85
67 86
67 88
67 89
67 90
67 91
67 93
67 94
67 95
67 98
67 99
67 100
67 101
67 105
67 108
67 111
67 113
67 114
67 117
67 119
67 121
67 122
67 123
67 124
67 127
67 129
67 130
67 131
67 132
67 135
67 136
67 138
67 139
67 140
67 142
67 144
67 145
67 147
67 152
67 154
67 155
67 158
67 160
67 161
67 162
67 163
67 165
67 166
67 173
67 176
67 177
67 179
67 182
67 183
67 184
67 185
67 186
67 188
67 189
67 191
67 193
67 194
67 195
67 196
67 198
68 71
68 72
68 74
68 77
68 78
68 81
68 82
68 83
68 84
68 85
68 86
68 87
68 89
68 90
68 92
68 94
68 96
68 99
68 100
68 101
68 111
68 112
68 115
68 116
68 117
68 119
68 120
68 123
68 126
68 127
68 129
68 131
68 132
68 134
68 137
68 138
68 139
68 141
68 142
68 143
68 144
68 145
68 146
68 147
68 150
68 151
68 153
68 154
68 155
68 158
68 160
68 163
68 165
68 166
68 167
68 168
68 173
68 174
68 178
68 179
68 180
68 182
68 186
68 188
68 191
68 194
68 195
68 196
68 197
69 71
69 75
69 77
69 81
69 82
69 83
69 85
69 86
69 87
69 88
69 89
69 90
69 92
69 96
69 99
69 101
69 102
69 105
69 106
69 109
69 110
69 112
69 115
69 116
69 119
69 120
69 121
69 122
69 125
69 130
69 131
69 132
69 136
69 137
69 142
69 143
69 144
69 145
69 146
69 147
69 148
69 151
69 152
69 153
69 157
69 158
69 161
69 163
69 164
69 166
69 168
69 170
69 172
69 173
69 179
69 181
69 185
69 187
69 189
69 193
69 194
69 195
69 197
69 198
69 199
70 72
70 75
70 76
70 77
70 80
70 81
70 87
70 88
70 92
70 93
70 94
70 95
70 96
70 98
70 100
70 105
70 106
70 108
70 109
70 110
70 112
70 113
70 115
70 116
70 117
70 119
70 120
70 121
70 122
70 124
70 126
70 127
70 128
70 132
70 134
70 138
70 139
70 140
70 141
70 142
70 143
70 144
70 145
70 147
70 148
70 151
70 154
70 157
70 159
70 163
70 164
70 165
70 168
70 169
70 171
70 174
70 176
70 177
70 179
70 181
70 183
70 187
70 191
70 192
70 193
70 194
70 196
70 199
71 72
71 74
71 76
71 78
71 79
71 80
71 85
71 86
71 89
71 90
71 91
71 94
71 95
71 97
71 98
71 100
71 101
71 102
71 106
71 107
71 112
71 113
71 114
71 115
71 116
71 117
71 118
71 122
71 124
71 125
71 126
71 127
71 129
71 133
71 135
71 138
71 139
71 141
71 142
71 143
71 148
71 149
71 150
71 151
71 153
71 154
71 155
71 157
71 160
71 161
71 162
71 163
71 164
71 166
71 168
71 169
71 173
71 177
71 179
71 180
71 184
71 186
71 187
71 188
71 189
71 191
71 192
72 73
72 74
72 75
72 78
72 79
72 80
72 81
72 82
72 83
72 84
72 86
72 93
72 94
72 97
72 99
72 101
72 106
72 107
72 108
72 109
72 110
72 111
72 112
72 113
72 116
72 118
72 120
72 123
72 124
72 125
72 129
72 130
72 133
72 134
72 135
72 136
72 141
72 142
72 144
72 145
72 147
72 150
72 153
72 157
72 159
72 160
72 161
72 162
72 167
72 170
72 171
72 172
72 173
72 174
72 177
72 178
72 179
72 180
72 183
72 185
72 188
72 189
72 194
73 74
73 78
73 80
73 85
73 86
73 87
73 88
73 94
73 95
73 96
73 97
73 98
73 100
73 103
73 106
73 109
73 112
73 118
73 120
73 122
73 123
73 129
73 130
73 131
73 133
73 134
73 137
73 138
73 141
73 142
73 143
73 145
73 147
73 149
73 151
73 152
73 154
73 156
73 158
73 163
73 164
73 165
73 166
73 167
73 168
73 171
73 172
73 173
73 174
73 175
73 176
73 179
73 180
73 182
73 184
73 186
73 188
73 190
73 191
73 192
73 193
73 194
73 195
73 196
73 198
74 76
74 81
74 85
74 86
74 87
74 88
74 90
74 91
74 94
74 97
74 99
74 100
74 103
74 104
74 107
74 108
74 109
74 112
74 114
74 116
74 117
74 120
74 121
74 123
74 124
74 126
74 129
74 135
74 137
74 138
74 139
74 140
74 141
74 142
74 143
74 147
74 149
74 151
74 155
74 158
74 161
74 163
74 164
74 166
74 168
74 173
74 175
74 176
74 179
74 180
74 183
74 187
74 189
74 193
74 195
74 196
74 197
74 199
75 77
75 78
75 81
75 84
75 85
75 87
75 89
75 91
75 92
75 93
75 97
75 100
75 103
75 104
75 108
75 109
75 111
75 112
75 113
75 116
75 117
75 118
75 119
75 121
75 122
75 123
75 127
75 128
75 129
75 130
75 131
75 133
75 140
75 142
75 145
75 146
75 147
75 150
75 152
75 153
75 154
75 157
75 160
75 163
75 165
75 166
75 167
75 168
75 174
75 175
75 176
75 177
75 181
75 183
75 184
75 186
75 188
75 189
75 192
75 193
75 196
76 77
76 78
76 80
76 81
76 83
76 84
76 86
76 87
76 88
76 92
76 93
76 94
76 100
76 101
76 102
76 104
76 105
76 106
76 107
76 109
76 112
76 113
76 115
76 116
76 117
76 119
76 120
76 122
76 126
76 129
76 130
76 132
76 134
76 135
76 137
76 138
76 140
76 141
76 142
76 143
76 144
76 147
76 149
76 150
76 152
76 155
76 156
76 158
76 159
76 162
76 165
76 166
76 167
76 168
76 173
76 174
76 175
76 178
76 181
76 183
76 185
76 187
76 190
76 192
76 193
76 194
76 196
76 197
77 81
77 82
77 84
77 86
77 87
77 88
77 90
77 91
77 92
77 95
77 98
77 101
77 102
77 103
77 109
77 110
77 111
77 114
77 118
77 119
77 120
77 122
77 123
77 125
77 130
77 132
77 133
77 134
77 135
77 136
77 139
77 143
77 144
77 146
77 148
77 150
77 151
77 152
77 153
77 155
77 158
77 159
77 163
77 164
77 167
77 168
77 170
77 175
77 176
77 177
77 181
77 182
77 184
77 187
77 192
77 193
77 195
77 199
78 80
78 82
78 83
78 84
78 85
78 86
78 87
78 89
78 91
78 92
78 93
78 94
78 95
78 97
78 98
78 99
78 100
78 102
78 105
78 108
78 110
78 116
78 118
78 121
78 122
78 123
78 124
78 126
78 127
78 129
78 131
78 138
78 140
78 141
78 142
78 144
78 145
78 147
78 148
78 150
78 151
78 152
78 153
78 155
78 156
78 158
78 161
78 162
78 163
78 169
78 172
78 176
78 178
78 179
78 182
78 184
78 185
78 186
78 187
78 189
78 190
78 191
78 195
78 196
78 197
78 199
79 82
79 83
79 84
79 85
79 95
79 96
79 97
79 100
79 101
79 102
79 103
79 108
79 109
79 111
79 112
79 113
79 115
79 116
79 117
79 120
79 122
79 124
79 126
79 127
79 128
79 129
79 131
79 132
79 133
79 134
79 135
79 136
79 137
79 141
79 142
79 143
79 144
79 145
79 147
79 148
79 149
79 151
79 152
79 153
79 155
79 156
79 159
79 161
79 162
79 164
79 165
79 168
79 172
79 173
79 177
79 180
79 181
79 183
79 187
79 188
79 190
79 191
79 192
79 193
79 195
79 197
79 199
80 82
80 83
80 84
80 86
80 87
80 90
80 92
80 95
80 96
80 97
80 98
80 99
80 100
80 105
80 107
80 108
80 112
80 113
80 114
80 115
80 116
80 117
80 119
80 120
80 121
80 122
80 124
80 126
80 128
80 130
80 131
80 132
80 133
80 135
80 137
80 139
80 141
80 143
80 146
80 148
80 149
80 151
80 152
80 153
80 154
80 155
80 159
80 161
80 166
80 167
80 170
80 175
80 177
80 178
80 180
80 181
80 182
80 185
80 186
80 187
80 190
80 191
80 192
80 199
81 83
81 84
81 89
81 90
81 95
81 96
81 99
81 102
81 103
81 105
81 108
81 110
81 117
81 121
81 124
81 125
81 127
81 129
81 130
81 133
81 134
81 135
81 136
81 141
81 142
81 144
81 145
81 146
81 148
81 149
81 151
81 152
81 154
81 157
81 158
81 160
81 164
81 165
81 168
81 169
81 171
81 173
81 174
81 175
81 176
81 179
81 183
81 184
81 185
81 186
81 187
81 189
81 190
81 192
81 193
81 199
82 85
82 89
82 91
82 92
82 96
82 97
82 98
82 100
82 101
82 103
82 104
82 105
82 107
82 108
82 109
82 110
82 111
82 112
82 114
82 115
82 118
82 119
82 120
82 121
82 122
82 125
82 127
82 133
82 134
82 139
82 140
82 141
82 142
82 146
82 147
82 149
82 150
82 152
82 154
82 156
82 160
82 161
82 164
82 165
82 169
82 170
82 173
82 174
82 175
82 176
82 180
82 181
82 183
82 184
82 186
82 187
82 189
82 192
82 193
82 195
82 196
82 197
82 198
82 199
83 84
83 85
83 87
83 88
83 89
83 92
83 94
83 97
83 99
83 100
83 101
83 102
83 103
83 107
83 109
83 112
83 114
83 115
83 116
83 117
83 121
83 123
83 124
83 125
83 126
83 127
83 128
83 129
83 130
83 131
83 133
83 134
83 136
83 137
83 138
83 139
83 141
83 143
83 144
83 145
83 146
83 147
83 150
83 151
83 152
83 153
83 157
83 158
83 159
83 160
83 163
83 166
83 170
83 172
83 173
83 176
83 177
83 178
83 179
83 181
83 182
83 183
83 186
83 189
83 192
83 194
83 195
83 196
84 86
84 94
84 96
84 99
84 100
84 101
84 102
84 103
84 104
84 109
84 110
84 111
84 113
84 115
84 118
84 119
84 121
84 127
84 129
84 132
84 133
84 135
84 137
84 138
84 139
84 140
84 141
84 143
84 145
84 147
84 148
84 150
84 151
84 152
84 155
84 156
84 157
84 158
84 162
84 165
84 166
84 167
84 170
84 172
84 173
84 177
84 178
84 179
84 181
84 184
84 185
84 186
84 187
84 190
84 194
84 195
84 197
85 87
85 90
85 91
85 93
85 94
85 96
85 98
85 100
85 101
85 105
85 107
85 108
85 109
85 111
85 114
85 116
85 118
85 119
85 121
85 122
85 123
85 126
85 127
85 129
85 131
85 132
85 133
85 134
85 135
85 137
85 138
85 142
85 144
85 145
85 146
85 147
85 149
85 150
85 152
85 153
85 154
85 157
85 161
85 162
85 163
85 164
85 165
85 168
85 169
85 173
85 175
85 179
85 180
85 185
85 186
85 187
85 188
85 189
85 193
85 194
85 195
85 197
85 198
85 199
86 89
86 90
86 93
86 94
86 96
86 98
86 100
86 101
86 103
86 105
86 107
86 109
86 110
86 115
86 120
86 121
86 123
86 124
86 125
86 126
86 127
86 128
86 129
86 130
86 131
86 135
86 136
86 143
86 145
86 149
86 152
86 154
86 155
86 156
86 159
86 162
86 165
86 166
86 167
86 169
86 173
86 174
86 175
86 176
86 177
86 180
86 181
86 182
86 183
86 184
86 185
86 186
86 187
86 188
86 191
86 193
86 196
86 198
86 199
87 88
87 89
87 90
87 91
87 92
87 94
87 96
87 99
87 100
87 105
87 107
87 109
87 110
87 111
87 112
87 114
87 116
87 117
87 118
87 120
87 122
87 123
87 124
87 126
87 130
87 131
87 135
87 136
87 137
87 138
87 139
87 140
87 141
87 142
87 143
87 146
87 147
87 148
87 149
87 151
87 152
87 154
87 155
87 159
87 160
87 161
87 163
87 164
87 165
87 166
87 167
87 170
87 172
87 173
87 174
87 177
87 181
87 182
87 184
87 187
87 188
87 190
87 193
87 195
87 196
87 197
88 89
88 92
88 93
88 95
88 96
88 101
88 102
88 103
88 109
88 112
88 113
88 115
88 116
88 118
88 120
88 125
88 126
88 129
88 138
88 141
88 143
88 145
88 146
88 148
88 149
88 152
88 153
88 156
88 157
88 161
88 163
88 169
88 170
88 174
88 175
88 177
88 178
88 182
88 183
88 184
88 186
88 187
88 189
88 191
88 194
88 195
88 198
88 199
89 90
89 91
89 93
89 94
89 95
89 101
89 108
89 110
89 113
89 116
89 117
89 121
89 122
89 123
89 125
89 130
89 131
89 134
89 139
89 142
89 143
89 144
89 146
89 147
89 148
89 153
89 156
89 157
89 160
89 161
89 164
89 166
89 167
89 168
89 169
89 171
89 175
89 181
89 187
89 188
89 190
89 191
89 192
89 193
89 194
89 196
89 198
89 199
90 91
90 95
90 96
90 97
90 98
90 99
90 100
90 104
90 107
90 109
90 110
90 112
90 113
90 117
90 118
90 120
90 122
90 123
90 124
90 127
90 128
90 129
90 130
90 133
90 134
90 139
90 142
90 144
90 150
90 151
90 154
90 156
90 157
90 164
90 165
90 171
90 173
90 174
90 175
90 176
90 178
90 179
90 180
90 181
90 182
90 183
90 186
90 187
90 188
90 190
90 191
90 194
90 197
90 198
91 94
91 95
91 97
91 98
91 99
91 100
91 102
91 103
91 104
91 107
91 109
91 110
91 111
91 112
91 114
91 117
91 118
91 120
91 121
91 123
91 125
91 127
91 130
91 131
91 134
91 135
91 137
91 139
91 140
91 141
91 142
91 143
91 147
91 148
91 150
91 152
91 155
91 156
91 158
91 159
91 160
91 163
91 166
91 168
91 169
91 172
91 178
91 182
91 186
91 188
91 189
91 191
91 193
91 194
91 195
91 199
92 93
92 96
92 98
92 99
92 102
92 104
92 105
92 107
92 113
92 116
92 117
92 118
92 120
92 123
92 124
92 125
92 126
92 129
92 130
92 131
92 132
92 137
92 138
92 143
92 144
92 145
92 147
92 150
92 154
92 155
92 158
92 159
92 160
92 165
92 167
92 168
92 171
92 172
92 181
92 184
92 185
92 186
92 188
92 191
92 193
92 194
92 195
92 196
92 198
93 94
93 95
93 97
93 98
93 99
93 102
93 106
93 107
93 109
93 110
93 111
93 112
93 113
93 114
93 117
93 120
93 121
93 124
93 126
93 127
93 128
93 132
93 133
93 137
93 142
93 145
93 146
93 149
93 150
93 151
93 152
93 155
93 156
93 159
93 160
93 161
93 162
93 163
93 169
93 172
93 173
93 175
93 176
93 178
93 180
93 188
93 191
93 192
93 194
93 195
93 196
93 198
94 96
94 97
94 98
94 101
94 103
94 104
94 106
94 107
94 108
94 111
94 113
94 114
94 116
94 118
94 119
94 120
94 128
94 129
94 131
94 136
94 137
94 138
94 139
94 140
94 142
94 143
94 146
94 147
94 148
94 149
94 150
94 151
94 154
94 161
94 164
94 167
94 168
94 170
94 172
94 173
94 177
94 179
94 182
94 184
94 185
94 187
94 194
94 196
95 98
95 99
95 100
95 101
95 102
95 103
95 104
95 105
95 108
95 109
95 114
95 116
95 121
95 122
95 126
95 128
95 129
95 132
95 134
95 136
95 138
95 139
95 148
95 151
95 153
95 155
95 157
95 158
95 159
95 164
95 166
95 167
95 169
95 171
95 172
95 173
95 176
95 178
95 180
95 181
95 183
95 187
95 188
95 191
95 192
95 193
95 194
95 195
95 196
95 197
95 198
96 100
96 102
96 106
96 107
96 108
96 109
96 117
96 119
96 123
96 124
96 127
96 128
96 130
96 133
96 139
96 144
96 149
96 150
96 155
96 158
96 159
96 161
96 162
96 163
96 166
96 167
96 168
96 169
96 170
96 172
96 174
96 176
96 177
96 180
96 183
96 184
96 185
96 186
96 188
96 190
96 191
96 193
96 195
96 196
96 197
96 199
97 98
97 99
97 101
97 102
97 103
97 104
97 105
97 107
97 109
97 112
97 113
97 115
97 117
97 121
97 122
97 124
97 125
97 126
97 128
97 129
97 130
97 134
97 137
97 140
97 141
97 142
97 143
97 145
97 146
97 147
97 150
97 153
97 154
97 159
97 164
97 165
97 166
97 168
97 169
97 170
97 171
97 175
97 178
97 182
97 184
97 185
97 186
97 187
97 188
97 189
97 194
97 195
97 197
97 198
97 199
98 100
98 102
98 104
98 105
98 108
98 110
98 113
98 115
98 119
98 121
98 128
98 131
98 132
98 133
98 139
98 140
98 141
98 143
98 147
98 149
98 152
98 153
98 154
98 155
98 156
98 158
98 159
98 162
98 163
98 164
98 167
98 173
98 174
98 175
98 176
98 178
98 179
98 181
98 182
98 183
98 187
98 189
98 190
98 193
98 197
98 199
99 101
99 102
99 106
99 111
99 112
99 113
99 114
99 117
99 118
99 119
99 122
99 123
99 124
99 126
99 128
99 130
99 137
99 139
99 140
99 143
99 144
99 145
99 147
99 148
99 149
99 150
99 159
99 160
99 162
99 165
99 167
99 168
99 170
99 171
99 177
99 178
99 180
99 181
99 182
99 187
99 189
99 193
99 194
99 197
99 198
100 101
100 105
100 106
100 107
100 109
100 110
100 111
100 112
100 113
100 114
100 115
100 124
100 126
100 127
100 129
100 130
100 131
100 132
100 133
100 136
100 137
100 142
100 144
100 145
100 146
100 147
100 148
100 149
100 150
100 153
100 156
100 157
100 159
100 161
100 163
100 165
100 168
100 169
100 173
100 174
100 175
100 176
100 180
100 182
100 183
100 184
100 185
100 186
100 187
100 188
100 189
100 191
100 192
100 193
100 194
100 195
100 197
100 199
101 102
101 105
101 106
101 107
101 110
101 115
101 116
101 118
101 119
101 120
101 121
101 122
101 124
101 127
101 128
101 129
101 134
101 135
101 136
101 139
101 141
101 144
101 148
101 150
101 152
101 153
101 154
101 160
101 162
101 164
101 167
101 168
101 169
101 178
101 181
101 183
101 184
101 188
101 192
101 193
101 194
101 195
101 198
101 199
102 105
102 106
102 114
102 115
102 116
102 118
102 120
102 121
102 123
102 125
102 126
102 130
102 136
102 140
102 141
102 145
102 146
102 147
102 151
102 152
102 154
102 155
102 158
102 161
102 162
102 163
102 164
102 165
102 167
102 168
102 169
102 170
102 172
102 175
102 177
102 180
102 182
102 184
102 186
102 188
102 191
102 192
102 193
102 194
102 196
102 197
102 199
103 105
103 107
103 110
103 112
103 115
103 117
103 118
103 120
103 121
103 122
103 123
103 124
103 126
103 132
103 133
103 135
103 139
103 140
103 143
103 146
103 147
103 150
103 151
103 153
103 154
103 156
103 157
103 158
103 159
103 160
103 161
103 162
103 163
103 164
103 165
103 166
103 168
103 169
103 171
103 178
103 179
103 181
103 182
103 184
103 186
103 187
103 191
103 193
103 195
103 196
103 197
103 199
104 108
104 112
104 113
104 117
104 118
104 119
104 120
104 124
104 126
104 127
104 128
104 132
104 139
104 142
104 144
104 145
104 146
104 147
104 149
104 152
104 156
104 157
104 158
104 159
104 161
104 167
104 169
104 171
104 172
104 173
104 176
104 177
104 178
104 179
104 181
104 182
104 183
104 184
104 186
104 187
104 190
104 197
104 198
105 107
105 108
105 109
105 114
105 115
105 119
105 120
105 121
105 122
105 125
105 128
105 130
105 131
105 132
105 135
105 136
105 137
105 138
105 140
105 142
105 143
105 148
105 149
105 153
105 155
105 156
105 157
105 158
105 159
105 163
105 164
105 165
105 167
105 168
105 169
105 171
105 173
105 175
105 180
105 182
105 185
105 186
105 189
105 190
105 192
105 195
105 196
105 197
105 198
105 199
106 107
106 109
106 110
106 112
106 113
106 114
106 115
106 118
106 119
106 120
106 122
106 123
106 126
106 127
106 128
106 129
106 131
106 132
106 133
106 134
106 139
106 142
106 143
106 144
106 148
106 149
106 150
106 152
106 161
106 162
106 165
106 166
106 167
106 168
106 172
106 176
106 177
106 178
106 179
106 181
106 182
106 186
106 188
106 190
106 193
106 194
106 196
106 198
106 199
107 108
107 110
107 112
107 114
107 115
107 116
107 118
107 119
107 120
107 121
107 123
107 124
107 125
107 131
107 132
107 133
107 135
107 136
107 137
107 138
107 139
107 141
107 142
107 146
107 152
107 153
107 154
107 156
107 157
107 158
107 159
107 160
107 162
107 166
107 168
107 169
107 171
107 172
107 175
107 176
107 177
107 179
107 180
107 181
107 185
107 187
107 188
107 190
107 192
107 195
107 197
107 199
108 109
108 110
108 111
108 112
108 114
108 115
108 116
108 118
108 121
108 125
108 126
108 128
108 129
108 132
108 135
108 136
108 137
108 139
108 142
108 145
108 148
108 149
108 150
108 152
108 153
108 155
108 157
108 158
108 159
108 160
108 161
108 165
108 170
108 171
108 174
108 175
108 176
108 178
108 182
108 184
108 189
108 190
108 191
108 192
108 193
108 194
108 196
108 199
109 110
109 112
109 114
109 115
109 117
109 118
109 119
109 120
109 121
109 123
109 124
109 125
109 126
109 127
109 128
109 129
109 130
109 131
109 132
109 134
109 136
109 137
109 139
109 145
109 146
109 147
109 150
109 151
109 153
109 158
109 159
109 161
109 162
109 163
109 164
109 165
109 167
109 168
109 169
109 175
109 176
109 177
109 179
109 180
109 182
109 183
109 184
109 185
109 187
109 188
109 189
109 190
109 194
109 195
109 197
109 199
110 111
110 112
110 116
110 117
110 120
110 123
110 124
110 125
110 126
110 128
110 130
110 132
110 136
110 138
110 141
110 142
110 147
110 149
110 150
110 151
110 152
110 153
110 155
110 157
110 158
110 159
110 162
110 163
110 164
110 166
110 168
110 169
110 172
110 174
110 178
110 180
110 181
110 182
110 185
110 186
110 187
110 188
110 190
110 194
110 195
110 196
110 197
110 198
111 112
111 113
111 114
111 117
111 118
111 122
111 126
111 129
111 130
111 134
111 135
111 137
111 139
111 140
111 141
111 142
111 143
111 145
111 146
111 147
111 149
111 150
111 151
111 152
111 154
111 156
111 157
111 159
111 160
111 161
111 162
111 166
111 167
111 168
111 169
111 170
111 176
111 180
111 186
111 187
111 188
111 189
111 192
111 195
111 196
112 113
112 114
112 115
112 116
112 117
112 118
112 119
112 121
112 123
112 124
112 125
112 126
112 127
112 128
112 129
112 131
112 132
112 134
112 135
112 136
112 137
112 138
112 139
112 141
112 142
112 143
112 144
112 145
112 146
112 153
112 154
112 156
112 159
112 162
112 163
112 164
112 165
112 166
112 168
112 169
112 173
112 184
112 185
112 186
112 189
112 192
112 194
112 196
112 197
112 199
113 119
113 122
113 126
113 127
113 130
113 132
113 137
113 138
113 139
113 140
113 142
113 143
113 144
113 145
113 146
113 148
113 149
113 150
113 151
113 152
113 153
113 154
113 156
113 157
113 158
113 159
113 160
113 162
113 163
113 166
113 169
113 170
113 171
113 172
113 173
113 174
113 177
113 182
113 183
113 184
113 187
113 189
113 190
113 191
113 193
113 195
113 198
114 118
114 120
114 124
114 125
114 126
114 127
114 128
114 129
114 130
114 132
114 133
114 134
114 140
114 143
114 144
114 145
114 147
114 151
114 153
114 154
114 155
114 158
114 159
114 161
114 163
114 164
114 165
114 166
114 167
114 168
114 171
114 173
114 175
114 176
114 182
114 183
114 184
114 185
114 188
114 189
114 192
114 194
114 195
114 197
114 198
115 116
115 118
115 119
115 122
115 123
115 125
115 126
115 127
115 128
115 129
115 130
115 131
115 133
115 134
115 138
115 139
115 141
115 145
115 149
115 150
115 151
115 153
115 154
115 155
115 156
115 160
115 161
115 162
115 163
115 164
115 166
115 167
115 168
115 169
115 170
115 171
115 172
115 176
115 180
115 182
115 183
115 189
115 190
115 192
115 193
115 194
115 197
115 198
116 118
116 120
116 122
116 123
116 125
116 126
116 127
116 128
116 130
116 131
116 133
116 137
116 138
116 142
116 143
116 146
116 148
116 150
116 151
116 156
116 157
116 161
116 162
116 163
116 166
116 167
116 168
116 169
116 170
116 171
116 172
116 173
116 175
116 176
116 179
116 180
116 181
116 182
116 183
116 185
116 187
116 188
116 189
116 191
116 192
116 193
116 194
116 196
116 199
117 118
117 119
117 121
117 122
117 123
117 125
117 126
117 128
117 129
117 130
117 137
117 143
117 147
117 149
117 151
117 152
117 154
117 156
117 158
117 159
117 160
117 162
117 163
117 164
117 166
117 170
117 171
117 172
117 173
117 174
117 176
117 179
117 180
117 181
117 182
117 183
117 185
117 186
117 188
117 190
117 192
117 193
117 194
117 195
117 196
117 199
118 119
118 122
118 124
118 125
118 127
118 130
118 132
118 133
118 134
118 136
118 137
118 138
118 140
118 141
118 144
118 145
118 147
118 149
118 150
118 152
118 154
118 155
118 159
118 160
118 161
118 162
118 164
118 166
118 167
118 168
118 171
118 177
118 183
118 184
118 185
118 189
118 190
118 191
118 193
118 195
118 197
118 199
119 120
119 124
119 125
119 128
119 129
119 133
119 135
119 143
119 145
119 148
119 149
119 150
119 151
119 152
119 156
119 158
119 160
119 170
119 173
119 175
119 176
119 177
119 182
119 183
119 185
119 188
119 190
119 191
119 197
119 199
120 121
120 122
120 123
120 125
120 126
120 128
120 129
120 131
120 132
120 133
120 135
120 136
120 138
120 140
120 142
120 144
120 145
120 149
120 150
120 152
120 153
120 154
120 155
120 156
120 161
120 163
120 164
120 165
120 167
120 169
120 171
120 172
120 173
120 178
120 181
120 182
120 184
120 185
120 188
120 189
120 192
120 193
120 197
121 122
121 125
121 126
121 128
121 131
121 132
121 133
121 134
121 136
121 138
121 139
121 141
121 144
121 146
121 147
121 149
121 151
121 152
121 157
121 159
121 162
121 164
121 166
121 168
121 171
121 175
121 178
121 179
121 181
121 182
121 183
121 186
121 187
121 188
121 189
121 190
121 194
121 199
122 126
122 132
122 134
122 137
122 141
122 142
122 143
122 145
122 146
122 148
122 154
122 155
122 156
122 160
122 164
122 165
122 166
122 167
122 169
122 170
122 174
122 179
122 181
122 182
122 184
122 185
122 187
122 188
122 189
122 190
122 192
122 193
122 195
122 198
123 125
123 126
123 128
123 133
123 135
123 138
123 140
123 141
123 142
123 144
123 145
123 147
123 148
123 151
123 152
123 154
123 155
123 157
123 158
123 159
123 162
123 163
123 164
123 167
123 168
123 169
123 173
123 174
123 178
123 184
123 191
123 193
123 195
123 196
123 197
123 199
124 125
124 126
124 127
124 128
124 129
124 130
124 131
124 134
124 135
124 137
124 141
124 143
124 145
124 146
124 147
124 150
124 151
124 152
124 153
124 157
124 159
124 161
124 164
124 166
124 167
124 169
124 173
124 174
124 176
124 178
124 180
124 182
124 189
124 194
124 195
124 196
125 129
125 130
125 131
125 132
125 135
125 138
125 141
125 146
125 147
125 148
125 149
125 150
125 152
125 154
125 155
125 156
125 159
125 160
125 165
125 167
125 168
125 169
125 172
125 176
125 177
125 180
125 181
125 184
125 185
125 188
125 189
125 190
125 193
125 195
125 198
126 130
126 132
126 133
126 135
126 136
126 139
126 140
126 141
126 142
126 143
126 145
126 148
126 149
126 152
126 154
126 158
126 164
126 165
126 166
126 168
126 172
126 173
126 174
126 176
126 179
126 181
126 184
126 185
126 186
126 187
126 189
126 191
126 192
126 195
126 196
126 198
126 199
127 130
127 131
127 133
127 137
127 138
127 139
127 140
127 141
127 143
127 144
127 145
127 147
127 150
127 151
127 152
127 153
127 154
127 156
127 157
127 161
127 162
127 163
127 164
127 165
127 166
127 169
127 171
127 173
127 174
127 175
127 176
127 177
127 179
127 180
127 181
127 182
127 183
127 184
127 185
127 186
127 189
127 193
127 195
127 197
127 198
127 199
128 129
128 130
128 131
128 132
128 133
128 135
128 136
128 137
128 138
128 139
128 140
128 141
128 145
128 146
128 148
128 150
128 152
128 155
128 157
128 158
128 163
128 164
128 167
128 172
128 173
128 175
128 178
128 179
128 181
128 183
128 187
128 189
128 191
128 192
128 193
128 194
128 195
128 196
128 197
129 130
129 132
129 133
129 136
129 139
129 143
129 144
129 146
129 147
129 148
129 149
129 150
129 151
129 152
129 153
129 154
129 155
129 158
129 160
129 161
129 162
129 163
129 165
129 168
129 170
129 171
129 172
129 173
129 174
129 175
129 177
129 179
129 180
129 181
129 183
129 185
129 187
129 188
129 189
129 191
129 196
129 197
129 198
129 199
130 131
130 133
130 136
130 137
130 146
130 147
130 148
130 151
130 153
130 155
130 158
130 159
130 160
130 161
130 162
130 163
130 169
130 170
130 171
130 172
130 174
130 175
130 178
130 179
130 180
130 181
130 182
130 184
130 185
130 187
130 188
130 189
130 191
130 192
130 194
130 195
130 196
130 198
131 135
131 136
131 141
131 144
131 146
131 148
131 149
131 150
131 152
131 153
131 154
131 157
131 159
131 160
131 162
131 163
131 165
131 166
131 175
131 176
131 177
131 178
131 181
131 182
131 183
131 185
131 186
131 187
131 188
131 189
131 190
131 191
131 192
131 193
131 194
131 196
131 197
131 198
131 199
132 134
132 135
132 138
132 139
132 140
132 142
132 143
132 146
132 147
132 148
132 150
132 151
132 153
132 154
132 155
132 157
132 158
132 160
132 166
132 167
132 168
132 173
132 174
132 177
132 179
132 180
132 184
132 187
132 189
132 190
132 195
132 197
132 198
132 199
133 134
133 140
133 141
133 143
133 146
133 147
133 150
133 154
133 155
133 157
133 158
133 160
133 162
133 163
133 164
133 167
133 169
133 173
133 174
133 175
133 176
133 177
133 179
133 184
133 186
133 190
133 192
133 193
133 194
133 195
133 197
133 198
134 135
134 137
134 138
134 141
134 143
134 147
134 150
134 151
134 153
134 154
134 156
134 160
134 162
134 163
134 165
134 166
134 169
134 171
134 172
134 173
134 175
134 177
134 178
134 185
134 186
134 188
134 189
134 190
134 191
134 192
134 193
134 196
134 197
134 199
135 138
135 139
135 140
135 141
135 144
135 154
135 156
135 158
135 160
135 162
135 164
135 166
135 167
135 168
135 169
135 170
135 176
135 177
135 180
135 181
135 182
135 183
135 184
135 186
135 188
135 190
135 193
136 137
136 138
136 139
136 140
136 142
136 144
136 145
136 146
136 147
136 150
136 152
136 153
136 154
136 155
136 158
136 160
136 161
136 164
136 165
136 166
136 170
136 171
136 174
136 176
136 178
136 182
136 184
136 186
136 187
136 189
136 191
136 192
136 194
136 195
136 196
136 198
136 199
137 140
137 144
137 147
137 148
137 150
137 152
137 154
137 155
137 156
137 157
137 159
137 160
137 166
137 167
137 168
137 172
137 174
137 175
137 176
137 178
137 180
137 182
137 184
137 186
137 187
137 189
137 190
137 193
137 197
138 139
138 141
138 143
138 144
138 148
138 150
138 151
138 152
138 153
138 156
138 159
138 161
138 164
138 165
138 167
138 168
138 169
138 172
138 173
138 176
138 179
138 180
138 182
138 183
138 186
138 187
138 188
138 192
138 194
138 195
138 198
139 141
139 143
139 146
139 147
139 148
139 149
139 151
139 153
139 155
139 157
139 161
139 162
139 163
139 166
139 167
139 170
139 171
139 173
139 175
139 176
139 177
139 178
139 179
139 180
139 181
139 183
139 185
139 188
139 189
139 190
139 195
139 199
140 143
140 144
140 145
140 146
140 149
140 150
140 153
140 154
140 155
140 158
140 159
140 160
140 161
140 163
140 164
140 165
140 169
140 170
140 172
140 173
140 176
140 178
140 183
140 190
140 191
140 192
140 193
140 195
140 196
140 198
141 143
141 146
141 147
141 148
141 151
141 153
141 155
141 157
141 159
141 160
141 161
141 164
141 165
141 170
141 174
141 175
141 176
141 177
141 178
141 179
141 180
141 182
141 184
141 185
141 188
141 189
141 191
141 193
141 194
141 199
142 143
142 144
142 146
142 147
142 148
142 150
142 151
142 152
142 153
142 156
142 158
142 162
142 166
142 167
142 168
142 169
142 173
142 177
142 178
142 179
142 181
142 182
142 183
142 184
142 187
142 188
142 189
142 190
142 191
142 192
142 195
143 147
143 148
143 149
143 154
143 156
143 159
143 160
143 161
143 163
143 167
143 168
143 169
143 171
143 174
143 175
143 176
143 177
143 179
143 180
143 181
143 184
143 185
143 186
143 189
143 191
143 192
143 195
143 196
143 197
144 145
144 147
144 152
144 153
144 156
144 158
144 159
144 161
144 162
144 164
144 167
144 170
144 178
144 180
144 181
144 182
144 183
144 187
144 188
144 190
144 192
144 198
145 148
145 150
145 152
145 154
145 159
145 162
145 163
145 164
145 165
145 166
145 167
145 168
145 170
145 171
145 172
145 175
145 183
145 185
145 186
145 188
145 189
145 190
145 191
145 192
145 194
145 195
145 196
146 147
146 152
146 156
146 157
146 159
146 162
146 165
146 166
146 167
146 170
146 171
146 175
146 176
146 177
146 181
146 183
146 186
146 187
146 189
146 192
146 194
146 197
146 198
147 149
147 150
147 152
147 154
147 155
147 156
147 158
147 160
147 162
147 163
147 165
147 166
147 167
147 171
147 172
147 174
147 178
147 183
147 184
147 186
147 188
147 189
147 194
147 195
147 196
148 149
148 151
148 152
148 154
148 160
148 164
148 165
148 167
148 174
148 175
148 176
148 178
148 179
148 181
148 182
148 184
148 185
148 186
148 189
148 190
148 191
148 194
148 195
148 196
148 199
149 150
149 155
149 161
149 163
149 164
149 167
149 169
149 172
149 173
149 174
149 175
149 176
149 177
149 178
149 179
149 180
149 182
149 186
149 189
149 190
149 192
149 193
149 194
149 195
149 196
150 152
150 159
150 161
150 162
150 163
150 166
150 167
150 170
150 171
150 172
150 173
150 177
150 178
150 179
150 184
150 185
150 186
150 188
150 190
150 191
150 193
150 195
150 196
150 197
150 199
151 153
151 156
151 157
151 159
151 167
151 168
151 171
151 172
151 173
151 174
151 176
151 177
151 179
151 181
151 185
151 186
151 189
151 192
151 193
151 196
151 197
152 154
152 156
152 157
152 163
152 164
152 165
152 167
152 168
152 170
152 172
152 173
152 175
152 177
152 179
152 182
152 183
152 184
152 185
152 187
152 188
152 190
152 193
152 194
152 199
153 154
153 155
153 157
153 158
153 159
153 163
153 165
153 166
153 168
153 172
153 175
153 176
153 177
153 178
153 181
153 185
153 191
153 192
153 195
153 196
153 197
153 198
154 155
154 156
154 157
154 159
154 160
154 161
154 163
154 164
154 166
154 167
154 168
154 169
154 170
154 175
154 177
154 178
154 179
154 181
154 182
154 183
154 185
154 186
154 187
154 188
154 189
154 192
154 195
154 196
154 197
154 198
155 156
155 159
155 160
155 161
155 162
155 164
155 167
155 171
155 172
155 173
155 174
155 175
155 177
155 186
155 187
155 188
155 189
155 190
155 191
155 192
155 194
155 195
155 196
155 197
155 199
156 157
156 159
156 161
156 162
156 163
156 165
156 166
156 172
156 173
156 174
156 175
156 176
156 179
156 182
156 183
156 184
156 185
156 186
156 188
156 193
156 194
156 195
156 196
156 199
157 158
157 161
157 162
157 163
157 165
157 166
157 169
157 173
157 175
157 176
157 177
157 179
157 182
157 185
157 189
157 190
157 193
157 194
157 196
157 197
157 198
158 159
158 162
158 163
158 168
158 169
158 172
158 175
158 176
158 181
158 183
158 185
158 186
158 187
158 188
158 190
158 192
158 195
158 196
158 197
158 198
158 199
159 160
159 162
159 163
159 164
159 166
159 168
159 172
159 174
159 177
159 179
159 180
159 181
159 187
159 188
159 190
159 191
159 194
159 195
159 196
159 197
159 199
160 163
160 164
160 167
160 169
160 171
160 172
160 173
160 176
160 178
160 182
160 183
160 184
160 186
160 187
160 188
160 191
160 193
160 197
161 162
161 163
161 164
161 165
161 166
161 167
161 168
161 169
161 171
161 175
161 180
161 183
161 184
161 185
161 187
161 188
161 189
161 194
161 195
161 196
161 199
162 163
162 164
162 165
162 167
162 168
162 169
162 175
162 176
162 177
162 178
162 179
162 182
162 185
162 188
162 189
162 192
162 193
162 198
162 199
163 164
163 165
163 167
163 168
163 172
163 173
163 174
163 179
163 180
163 181
163 184
163 186
163 187
163 189
163 192
163 193
163 194
163 195
163 197
163 198
163 199
164 165
164 166
164 169
164 174
164 175
164 177
164 180
164 182
164 183
164 184
164 185
164 188
164 189
164 190
164 191
164 194
165 167
165 168
165 173
165 174
165 175
165 178
165 179
165 182
165 183
165 185
165 186
165 189
165 190
165 192
165 194
165 195
165 198
165 199
166 168
166 172
166 174
166 179
166 183
166 185
166 186
166 187
166 188
166 190
166 191
166 192
166 193
166 194
166 195
166 197
166 199
167 169
167 172
167 173
167 175
167 176
167 177
167 178
167 179
167 185
167 187
167 188
167 190
167 192
167 193
167 195
167 197
167 198
168 169
168 170
168 174
168 175
168 176
168 178
168 181
168 186
168 188
168 189
168 190
168 197
168 198
168 199
169 170
169 171
169 172
169 173
169 180
169 182
169 183
169 185
169 187
169 192
169 195
169 197
169 198
169 199
170 172
170 174
170 175
170 176
170 179
170 181
170 184
170 190
170 191
170 194
170 197
170 199
171 172
171 176
171 177
171 178
171 179
171 180
171 183
171 185
171 187
171 192
171 194
171 195
171 196
172 173
172 175
172 177
172 178
172 179
172 180
172 181
172 182
172 184
172 186
172 191
172 196
172 197
172 198
172 199
173 175
173 177
173 179
173 181
173 185
173 186
173 188
173 190
173 191
173 196
173 197
173 198
174 176
174 177
174 181
174 182
174 183
174 186
174 187
174 189
174 191
174 197
175 178
175 179
175 180
175 183
175 185
175 187
175 188
175 189
175 193
175 194
175 196
175 197
175 199
176 178
176 184
176 185
176 186
176 188
176 191
176 194
176 198
177 181
177 182
177 183
177 184
177 186
177 187
177 189
177 190
177 193
177 196
177 197
177 198
178 183
178 185
178 191
178 194
178 195
178 198
178 199
179 180
179 184
179 185
179 186
179 187
179 189
179 190
179 192
179 194
179 197
179 198
179 199
180 184
180 185
180 187
180 188
180 190
180 191
180 192
180 193
181 183
181 184
181 186
181 187
181 188
181 189
181 193
181 194
181 197
181 199
182 184
182 187
182 188
182 191
182 193
182 195
182 196
182 197
182 198
182 199
183 185
183 192
183 194
183 197
183 198
184 187
184 189
184 190
184 191
184 192
184 193
184 194
184 197
185 189
185 191
185 192
185 194
185 195
185 197
186 189
186 194
186 195
186 197
187 188
187 189
187 192
187 193
187 194
187 196
187 198
187 199
188 189
188 190
188 191
188 192
188 194
188 195
189 190
189 191
189 193
189 194
189 195
189 197
190 192
190 193
190 194
190 196
190 197
191 194
191 195
191 198
191 199
192 194
192 195
192 196
192 197
192 198
193 195
193 196
193 197
193 198
194 195
194 196
194 198
194 199
195 199
196 197
197 198
198 199
