50
0 3
0 12
0 13
0 22
0 35
0 42
0 48
1 21
1 28
1 30
1 31
1 35
1 40
1 43
1 44
1 48
1 49
2 9
2 10
2 12
2 13
2 18
2 21
2 22
2 25
2 27
2 32
2 38
2 45
2 46
2 47
3 8
3 11
3 18
3 33
3 39
3 41
3 42
3 45
4 7
4 8
4 12
4 16
4 19
4 22
4 23
4 25
5 8
5 10
5 12
5 14
5 19
5 25
5 27
5 28
5 29
5 30
5 32
5 38
5 39
5 42
5 45
5 47
6 7
6 10
6 18
6 24
6 31
6 32
6 33
6 38
6 39
6 40
6 41
6 45
6 46
6 49
7 16
7 27
7 39
7 41
7 42
7 44
7 49
8 12
8 13
8 19
8 21
8 31
8 34
8 35
8 36
8 38
8 42
8 47
8 48
9 17
9 25
9 28
9 29
9 33
9 43
9 46
10 12
10 14
10 20
10 21
10 23
10 29
10 30
10 31
10 39
10 40
10 48
11 12
11 21
11 25
11 27
11 28
11 30
11 31
11 32
11 35
11 42
11 46
11 49
12 13
12 20
12 21
12 22
12 23
12 24
12 25
12 28
12 34
12 36
12 39
12 40
12 41
12 43
12 44
13 14
13 19
13 20
13 23
13 26
13 27
13 31
13 32
13 33
13 35
13 40
13 41
13 42
13 43
13 45
14 30
14 33
14 34
14 43
14 44
14 48
15 17
15 21
15 22
15 23
15 24
15 25
15 29
15 35
15 45
16 19
16 22
16 25
16 34
16 36
16 41
16 42
17 20
17 22
17 25
17 26
17 27
17 35
17 36
17 37
17 42
17 43
18 29
18 30
18 33
18 37
18 39
18 45
18 46
18 47
19 24
19 30
19 33
19 41
19 44
19 45
19 46
20 26
20 29
20 31
20 44
20 46
20 48
21 22
21 24
21 26
21 27
21 32
21 34
21 38
21 40
21 42
21 44
21 45
21 46
22 27
22 28
22 41
22 43
22 44
22 46
23 25
23 30
23 31
23 32
23 34
23 35
23 36
23 40
23 46
24 27
24 36
24 40
24 46
24 48
25 29
25 31
25 32
25 34
25 38
25 39
25 44
25 47
26 27
26 30
26 38
26 45
27 30
27 31
27 34
27 35
27 41
27 49
28 30
28 34
29 31
29 32
29 33
29 39
29 43
29 49
30 35
30 36
30 38
30 39
30 41
30 43
30 47
30 48
30 49
31 32
31 33
31 38
31 40
31 47
32 36
32 45
33 44
33 47
33 49
34 36
34 37
34 39
34 44
34 45
35 36
35 38
35 39
35 41
35 43
35 46
36 38
36 39
36 40
36 42
36 43
36 44
36 45
36 47
36 49
37 44
37 47
37 48
38 39
38 46
40 45
41 46
41 49
42 48
44 48
45 46
