50
0 2
0 3
0 5
0 7
0 13
0 18
0 19
0 30
0 31
0 36
0 41
0 43
0 48
1 7
1 8
1 12
1 16
1 32
1 35
1 39
1 42
1 43
2 10
2 15
2 16
2 18
2 21
2 24
2 25
2 28
2 37
2 40
2 43
3 4
3 14
3 17
3 19
3 20
3 25
3 27
3 28
3 29
3 33
3 37
3 47
4 9
4 11
4 14
4 15
4 19
4 23
4 25
5 8
5 10
5 13
5 15
5 16
5 21
5 28
5 33
5 34
5 40
5 46
5 47
5 49
6 8
6 17
6 21
6 24
6 27
6 37
6 38
7 12
7 24
7 29
7 34
7 35
7 39
7 43
7 44
7 46
7 47
8 10
8 11
8 18
8 21
8 22
8 30
8 31
8 32
8 34
8 39
8 42
8 44
8 45
8 47
9 12
9 13
9 14
9 19
9 20
9 21
9 26
9 27
9 29
9 34
9 36
9 37
9 38
9 40
9 42
9 43
9 44
9 45
10 23
10 28
10 30
10 32
10 34
10 36
10 43
10 49
11 12
11 14
11 15
11 17
11 23
11 25
11 26
11 27
11 35
11 36
11 46
12 17
12 18
12 25
12 27
12 31
12 33
12 36
12 37
13 34
13 41
13 45
14 16
14 21
14 26
14 32
14 39
14 48
15 21
15 23
15 29
15 32
15 36
15 38
15 39
15 46
16 17
16 24
16 27
16 28
16 37
16 38
16 39
16 40
16 42
17 20
17 25
17 28
17 35
17 36
17 38
17 42
17 43
17 45
18 22
18 27
18 31
18 47
19 20
19 22
19 26
19 33
19 38
19 41
19 42
19 45
20 21
20 25
20 33
20 40
20 48
21 23
21 30
21 31
21 40
21 42
21 46
21 47
22 24
22 26
22 27
22 28
22 32
22 35
22 42
22 43
23 25
23 28
23 32
23 33
23 34
23 37
23 38
23 43
23 45
24 27
24 29
24 34
24 40
24 41
24 42
24 45
25 28
25 33
25 41
25 43
25 45
25 47
26 29
26 32
26 34
26 42
26 45
26 47
26 48
27 37
27 40
28 30
28 33
28 37
28 42
28 43
28 46
28 49
29 32
29 37
29 38
29 39
29 40
29 41
29 44
29 45
30 31
30 36
30 38
30 44
30 45
30 46
31 41
32 39
32 40
32 43
32 47
32 48
33 34
33 35
33 37
33 40
33 42
33 46
34 36
34 39
34 41
34 45
35 38
35 39
35 42
35 47
36 42
36 43
36 45
36 46
37 45
38 39
38 42
38 43
38 44
38 45
38 47
39 41
40 44
40 48
41 46
41 47
41 48
42 43
42 47
42 49
43 49
44 49
45 46
45 48
46 47
46 49
