50
0 1
0 3
0 4
0 6
0 10
0 11
0 20
0 25
0 26
0 27
0 28
0 34
0 40
0 47
0 49
1 3
1 6
1 8
1 9
1 10
1 11
1 14
1 18
1 19
1 24
1 26
1 33
1 35
1 39
1 42
1 44
1 49
2 7
2 9
2 11
2 17
2 21
2 25
2 27
2 37
2 44
3 4
3 5
3 8
3 10
3 16
3 20
3 25
3 36
3 39
4 5
4 7
4 10
4 12
4 13
4 14
4 16
4 17
4 18
4 28
4 32
4 33
4 34
4 35
4 37
4 38
4 41
5 6
5 7
5 10
5 12
5 13
5 30
5 37
5 42
5 46
5 49
6 7
6 9
6 33
6 38
6 39
6 40
6 41
6 42
7 9
7 11
7 14
7 19
7 22
7 25
7 30
7 31
7 32
7 33
7 35
7 39
7 45
8 11
8 24
8 33
8 42
8 45
9 10
9 14
9 17
9 20
9 40
9 42
9 45
9 46
9 49
10 11
10 13
10 16
10 17
10 21
10 23
10 28
10 30
10 35
10 36
10 37
10 45
11 12
11 14
11 16
11 17
11 22
11 23
11 27
11 40
11 41
12 14
12 15
12 17
12 19
12 22
12 23
12 36
12 37
12 42
12 45
12 48
13 17
13 24
13 28
13 29
13 36
13 42
13 43
13 46
13 48
13 49
14 16
14 23
14 26
14 33
14 37
14 39
14 42
14 46
15 19
15 22
15 23
15 26
15 27
15 33
15 39
15 44
15 46
15 49
16 17
16 20
16 26
16 37
16 39
16 40
16 45
16 49
17 24
17 32
17 34
17 35
17 46
17 49
18 19
18 20
18 21
18 41
18 43
18 44
18 45
18 46
19 20
19 23
19 30
19 32
19 36
19 37
19 43
19 45
19 47
20 26
20 30
20 33
20 35
20 46
20 48
21 22
21 29
21 38
21 45
22 23
22 28
22 32
22 34
22 37
22 42
22 44
22 47
23 24
23 26
23 29
23 33
23 35
23 48
24 29
24 37
24 43
24 44
24 48
25 30
25 32
25 44
25 45
25 47
25 48
26 37
26 40
26 42
26 43
26 46
27 44
28 30
28 32
28 36
28 40
28 41
28 45
28 46
28 47
29 35
29 36
29 43
29 48
30 32
30 35
30 36
30 37
30 41
30 45
30 47
31 33
31 34
31 38
31 40
31 44
31 45
31 46
32 40
32 41
32 42
32 44
32 46
32 49
33 45
33 46
33 47
34 35
34 37
34 39
34 41
34 42
34 45
35 38
35 45
35 47
36 37
36 41
36 46
36 47
36 48
37 39
37 42
37 44
37 47
37 48
38 40
38 42
38 49
40 42
40 45
40 46
40 47
40 48
40 49
41 43
41 49
42 46
43 44
43 45
43 46
43 48
43 49
44 46
45 48
45 49
47 48
48 49
