50
0 3
0 4
0 7
0 10
0 15
0 20
0 21
0 22
0 24
0 32
0 33
0 34
0 36
0 37
0 40
0 44
0 47
1 6
1 13
1 18
1 22
1 29
1 31
1 32
1 35
1 38
1 39
1 40
1 44
1 49
2 3
2 7
2 26
2 31
2 32
2 38
2 43
2 44
3 6
3 9
3 13
3 15
3 16
3 21
3 24
3 27
3 29
3 30
3 38
3 42
3 44
3 45
3 46
4 5
4 15
4 24
4 25
4 26
4 29
4 34
4 38
4 42
4 43
4 44
4 45
4 47
5 6
5 7
5 8
5 9
5 17
5 24
5 26
5 28
5 31
5 34
5 41
5 42
5 44
6 12
6 14
6 16
6 22
6 28
6 30
6 32
6 33
6 39
6 41
6 46
7 9
7 22
7 25
7 27
7 30
7 36
7 40
7 46
7 47
7 49
8 9
8 10
8 11
8 15
8 19
8 23
8 27
8 28
8 31
8 35
8 46
8 47
9 11
9 12
9 18
9 21
9 23
9 27
9 28
9 32
9 36
9 41
9 42
10 14
10 16
10 20
10 26
10 29
10 30
10 31
10 36
10 47
11 23
11 29
11 31
11 32
11 33
11 34
11 44
11 47
12 15
12 16
12 19
12 30
13 18
13 19
13 21
13 22
13 24
13 27
13 30
13 31
13 32
13 33
13 38
13 41
13 42
13 45
14 15
14 18
14 21
14 24
14 26
14 27
14 29
14 36
14 37
14 40
14 41
14 42
14 43
14 49
15 21
15 22
15 23
15 32
15 34
15 38
15 40
15 42
16 18
16 21
16 26
16 32
16 33
16 35
16 40
16 41
16 44
17 18
17 22
17 25
17 32
17 39
17 41
17 45
17 47
17 48
17 49
18 21
18 22
18 26
18 47
18 49
19 20
19 21
19 25
19 27
19 29
19 38
19 47
20 23
20 29
20 31
20 36
20 39
20 42
20 43
20 46
20 47
21 32
21 37
21 44
21 47
22 25
22 27
22 30
22 33
22 40
22 41
22 43
22 45
23 24
23 25
23 29
23 34
23 46
23 47
24 26
24 31
24 37
24 38
24 39
24 40
24 41
24 44
24 46
25 36
25 38
25 39
25 43
26 28
26 32
26 45
27 41
28 32
28 48
29 31
29 36
29 37
29 38
29 44
29 45
29 46
30 33
30 43
30 45
31 32
31 38
31 42
31 43
31 47
31 48
32 38
32 46
33 36
33 38
33 41
33 48
34 36
34 38
34 40
34 44
34 46
35 44
36 40
36 42
36 43
36 47
36 48
37 38
37 45
38 39
38 43
38 49
39 41
39 46
39 47
39 49
40 47
40 49
41 44
42 45
42 49
43 47
43 48
43 49
44 48
47 48
47 49
