50
0 1
0 2
0 3
0 4
0 7
0 10
0 12
0 13
0 14
0 16
0 17
0 19
0 20
0 22
0 27
0 28
0 29
0 31
0 32
0 33
0 34
0 35
0 36
0 40
0 42
0 48
1 3
1 4
1 10
1 14
1 15
1 16
1 18
1 19
1 20
1 23
1 25
1 27
1 31
1 35
1 36
1 37
1 38
1 44
1 46
1 48
1 49
2 7
2 11
2 12
2 14
2 17
2 23
2 26
2 27
2 28
2 31
2 33
2 36
2 37
2 40
2 42
2 44
2 47
2 49
3 4
3 5
3 7
3 9
3 10
3 11
3 13
3 14
3 15
3 16
3 17
3 22
3 23
3 25
3 26
3 27
3 28
3 29
3 32
3 33
3 36
3 38
3 40
3 41
3 42
3 46
3 48
3 49
4 5
4 8
4 9
4 10
4 11
4 12
4 16
4 25
4 27
4 29
4 31
4 32
4 34
4 35
4 38
4 44
4 45
4 46
4 48
4 49
5 7
5 10
5 11
5 12
5 16
5 21
5 22
5 23
5 24
5 26
5 28
5 30
5 34
5 36
5 37
5 39
5 41
5 43
6 9
6 11
6 12
6 14
6 16
6 17
6 19
6 21
6 22
6 29
6 30
6 32
6 33
6 34
6 35
6 36
6 37
6 39
6 40
6 42
6 43
7 9
7 14
7 16
7 19
7 21
7 22
7 27
7 28
7 36
7 37
7 40
7 42
7 43
7 44
7 45
7 47
7 48
7 49
8 9
8 12
8 13
8 14
8 15
8 16
8 17
8 19
8 24
8 37
8 39
8 41
8 44
8 47
9 10
9 12
9 14
9 15
9 17
9 18
9 20
9 24
9 28
9 30
9 35
9 36
9 37
9 39
9 40
9 41
9 43
9 45
9 46
9 49
10 11
10 12
10 13
10 17
10 19
10 20
10 21
10 23
10 25
10 30
10 33
10 34
10 35
10 37
10 38
10 39
10 41
10 44
10 45
10 47
10 48
10 49
11 12
11 13
11 15
11 16
11 17
11 21
11 22
11 23
11 24
11 27
11 28
11 30
11 31
11 33
11 35
11 36
11 37
11 38
11 41
11 42
11 46
11 48
12 13
12 14
12 15
12 16
12 18
12 19
12 20
12 21
12 22
12 25
12 26
12 31
12 32
12 36
12 37
12 42
12 44
12 45
12 47
12 48
12 49
13 16
13 18
13 19
13 20
13 22
13 24
13 25
13 28
13 29
13 32
13 34
13 35
13 37
13 40
13 41
13 42
13 43
13 46
14 15
14 16
14 19
14 21
14 24
14 25
14 27
14 28
14 29
14 30
14 31
14 32
14 33
14 35
14 37
14 38
14 42
14 43
14 46
14 48
15 19
15 21
15 22
15 26
15 28
15 30
15 31
15 33
15 37
15 38
15 40
15 41
15 45
15 46
15 49
16 18
16 20
16 21
16 24
16 25
16 26
16 28
16 29
16 32
16 33
16 35
16 36
16 37
16 39
16 40
16 41
16 45
16 46
16 47
16 49
17 20
17 21
17 25
17 26
17 28
17 30
17 31
17 34
17 36
17 37
17 38
17 39
17 40
17 41
18 20
18 22
18 23
18 25
18 26
18 29
18 30
18 31
18 33
18 37
18 41
18 42
18 46
18 47
18 48
19 20
19 21
19 23
19 27
19 31
19 32
19 33
19 38
19 39
19 40
19 42
19 45
19 46
19 48
19 49
20 22
20 25
20 26
20 27
20 28
20 29
20 30
20 31
20 32
20 33
20 36
20 38
20 39
20 43
20 44
20 45
20 46
20 49
21 22
21 24
21 28
21 30
21 33
21 35
21 36
21 38
21 39
21 40
21 41
21 43
21 45
21 47
21 48
22 23
22 24
22 30
22 31
22 32
22 35
22 36
22 37
22 38
22 41
22 45
22 46
22 47
22 48
22 49
23 24
23 25
23 28
23 29
23 31
23 35
23 38
23 40
23 41
23 44
23 45
23 46
24 26
24 30
24 31
24 35
24 37
24 38
24 39
24 40
24 43
24 44
24 45
25 27
25 28
25 30
25 32
25 34
25 36
25 39
25 41
25 44
25 46
25 48
26 27
26 29
26 34
26 36
26 43
26 44
26 46
26 47
26 49
27 31
27 32
27 33
27 34
27 37
27 38
27 39
27 42
27 43
27 47
27 48
27 49
28 30
28 31
28 33
28 35
28 37
28 38
28 43
28 45
28 46
28 47
29 30
29 31
29 32
29 33
29 36
29 37
29 38
29 39
29 40
29 41
29 43
29 44
29 46
29 47
29 48
29 49
30 31
30 32
30 34
30 36
30 39
30 44
30 46
30 48
31 32
31 33
31 35
31 36
31 42
31 43
31 44
31 45
31 46
31 47
32 34
32 35
32 36
32 37
32 38
32 40
32 42
32 46
33 36
33 38
33 40
33 42
33 43
33 44
33 46
33 47
34 36
34 37
34 38
34 39
34 40
34 41
34 43
34 44
34 46
34 47
34 49
35 36
35 44
36 41
36 43
36 47
37 40
37 41
37 46
37 47
37 49
38 39
38 40
38 41
38 43
38 44
38 45
38 46
39 40
39 41
39 43
39 45
39 46
40 41
40 42
40 43
40 44
40 45
40 46
40 47
40 48
41 42
41 44
41 47
41 48
41 49
42 44
42 45
42 47
43 45
43 46
43 49
44 45
44 47
44 48
44 49
45 46
45 48
46 47
47 49
