50
0 2
0 3
0 4
0 7
0 8
0 9
0 12
0 13
0 14
0 15
0 17
0 19
0 21
0 22
0 23
0 26
0 27
0 28
0 30
0 31
0 32
0 33
0 38
0 39
0 40
0 42
0 46
0 47
0 48
1 4
1 5
1 8
1 10
1 12
1 19
1 23
1 24
1 27
1 28
1 29
1 30
1 31
1 32
1 33
1 35
1 37
1 43
1 47
1 48
2 3
2 4
2 5
2 6
2 8
2 9
2 10
2 12
2 13
2 14
2 17
2 19
2 21
2 23
2 25
2 30
2 35
2 37
2 38
2 39
2 41
2 42
2 44
2 46
2 47
2 49
3 7
3 8
3 13
3 18
3 21
3 22
3 26
3 27
3 28
3 29
3 30
3 31
3 32
3 36
3 37
3 39
3 40
3 41
3 42
3 47
4 5
4 10
4 11
4 12
4 15
4 17
4 18
4 19
4 20
4 21
4 24
4 29
4 30
4 31
4 34
4 40
4 41
4 42
4 43
4 44
4 45
4 46
4 47
5 9
5 11
5 13
5 14
5 15
5 16
5 17
5 18
5 19
5 22
5 24
5 25
5 26
5 28
5 29
5 30
5 35
5 37
5 38
5 40
5 41
5 42
5 45
5 47
5 49
6 8
6 9
6 11
6 12
6 14
6 16
6 17
6 19
6 20
6 21
6 22
6 24
6 26
6 29
6 31
6 33
6 36
6 38
6 39
6 45
6 46
6 47
6 49
7 8
7 9
7 12
7 19
7 20
7 21
7 25
7 27
7 29
7 32
7 38
7 39
7 40
7 42
7 44
7 47
8 10
8 11
8 12
8 13
8 15
8 16
8 17
8 19
8 20
8 24
8 29
8 35
8 37
8 38
8 40
8 43
8 44
8 45
8 46
8 48
8 49
9 10
9 11
9 13
9 15
9 16
9 18
9 19
9 20
9 24
9 26
9 29
9 30
9 32
9 33
9 37
9 41
9 44
9 45
9 49
10 11
10 14
10 16
10 17
10 20
10 22
10 24
10 25
10 26
10 27
10 30
10 32
10 34
10 37
10 40
10 42
10 43
10 44
10 45
10 46
10 47
10 49
11 14
11 15
11 16
11 20
11 21
11 23
11 24
11 26
11 28
11 30
11 33
11 36
11 37
11 40
11 42
11 46
11 47
12 14
12 17
12 18
12 20
12 22
12 23
12 27
12 29
12 31
12 33
12 35
12 36
12 37
12 38
12 40
12 41
12 42
12 43
12 44
12 45
12 46
12 47
13 15
13 18
13 19
13 20
13 21
13 25
13 26
13 28
13 30
13 35
13 36
13 37
13 38
13 40
13 42
13 44
13 45
13 47
13 48
14 15
14 16
14 18
14 19
14 21
14 22
14 23
14 24
14 25
14 26
14 33
14 38
14 40
14 43
14 45
14 46
15 16
15 19
15 20
15 22
15 23
15 26
15 27
15 29
15 30
15 31
15 33
15 34
15 35
15 36
15 37
15 40
15 41
15 42
15 44
15 46
15 47
16 17
16 21
16 22
16 25
16 26
16 27
16 28
16 29
16 31
16 32
16 33
16 34
16 37
16 39
16 40
16 41
16 42
16 44
16 46
17 18
17 19
17 25
17 26
17 28
17 30
17 32
17 35
17 36
17 40
17 42
17 43
17 46
18 20
18 22
18 27
18 30
18 32
18 34
18 35
18 36
18 38
18 39
18 41
18 42
18 45
18 46
18 48
19 20
19 21
19 22
19 23
19 29
19 31
19 32
19 33
19 37
19 38
19 39
19 45
19 46
19 47
19 48
20 24
20 25
20 27
20 28
20 29
20 32
20 34
20 35
20 37
20 39
20 40
20 42
21 22
21 23
21 24
21 26
21 29
21 30
21 32
21 34
21 35
21 36
21 37
21 38
21 39
21 40
21 41
21 42
21 43
21 44
21 49
22 23
22 24
22 27
22 28
22 32
22 33
22 35
22 36
22 37
22 40
22 41
22 42
22 44
22 45
22 47
22 49
23 24
23 25
23 29
23 30
23 32
23 35
23 36
23 37
23 39
23 41
23 42
23 44
23 45
23 46
23 47
23 48
24 25
24 26
24 27
24 30
24 31
24 32
24 34
24 35
24 36
24 39
24 40
24 42
24 43
24 49
25 26
25 27
25 29
25 32
25 35
25 36
25 38
25 39
25 40
25 41
25 49
26 27
26 28
26 34
26 35
26 41
26 45
26 48
27 28
27 29
27 30
27 33
27 35
27 39
28 29
28 31
28 32
28 33
28 35
28 36
28 39
28 40
28 41
28 44
28 49
29 33
29 35
29 37
29 39
29 41
29 46
30 31
30 32
30 33
30 35
30 36
30 37
30 38
30 39
30 41
30 42
30 43
30 45
30 46
30 48
31 32
31 33
31 34
31 36
31 38
31 39
31 40
31 41
31 42
31 43
31 47
31 48
31 49
32 33
32 36
32 37
32 38
32 40
32 41
32 44
32 45
32 47
32 48
33 35
33 40
33 42
33 43
33 44
33 45
33 46
33 47
33 49
34 36
34 37
34 38
34 41
34 43
34 44
34 46
34 47
34 49
35 36
35 37
35 38
35 40
35 41
35 42
35 43
35 47
35 48
36 37
36 39
36 40
36 43
36 44
36 45
36 46
37 38
37 40
37 42
37 44
37 45
37 48
37 49
38 39
38 41
38 42
39 40
39 41
39 42
39 45
39 49
40 41
40 43
40 44
40 48
40 49
41 45
41 46
41 47
41 48
42 43
42 44
42 48
42 49
43 45
43 48
44 45
44 49
45 47
45 49
46 47
46 48
46 49
47 48
47 49
48 49
