50
0 1
0 5
0 7
0 10
0 12
0 14
0 15
0 16
0 20
0 21
0 23
0 26
0 28
0 30
0 34
0 35
0 36
0 39
0 41
0 42
0 44
0 47
0 49
1 3
1 4
1 5
1 6
1 7
1 10
1 11
1 12
1 13
1 14
1 15
1 17
1 19
1 20
1 21
1 23
1 24
1 25
1 27
1 28
1 34
1 35
1 37
1 38
1 42
1 44
1 46
1 47
1 49
2 3
2 4
2 6
2 7
2 8
2 10
2 12
2 15
2 17
2 19
2 20
2 21
2 27
2 28
2 30
2 34
2 35
2 36
2 38
2 39
2 40
2 42
2 44
2 45
2 48
2 49
3 7
3 10
3 11
3 13
3 15
3 17
3 20
3 21
3 26
3 28
3 29
3 30
3 31
3 36
3 40
3 44
3 47
4 11
4 12
4 13
4 15
4 18
4 19
4 21
4 23
4 27
4 31
4 38
4 39
4 40
4 42
4 43
4 44
4 47
4 48
4 49
5 6
5 9
5 11
5 14
5 16
5 20
5 22
5 23
5 25
5 26
5 27
5 28
5 29
5 30
5 31
5 32
5 34
5 35
5 36
5 37
5 38
5 39
5 41
5 44
5 45
5 47
5 49
6 9
6 10
6 12
6 16
6 17
6 20
6 22
6 23
6 24
6 29
6 32
6 33
6 37
6 41
6 44
6 46
6 48
6 49
7 9
7 11
7 13
7 14
7 15
7 19
7 22
7 23
7 24
7 26
7 27
7 28
7 29
7 30
7 31
7 32
7 34
7 36
7 38
7 39
7 40
7 47
7 48
8 9
8 11
8 13
8 15
8 17
8 19
8 22
8 23
8 24
8 25
8 28
8 29
8 32
8 33
8 35
8 36
8 38
8 39
8 40
8 43
8 44
8 45
8 49
9 10
9 12
9 13
9 14
9 15
9 16
9 22
9 25
9 27
9 29
9 30
9 32
9 33
9 34
9 36
9 37
9 40
9 44
9 47
9 48
9 49
10 11
10 12
10 14
10 17
10 18
10 23
10 26
10 27
10 33
10 34
10 35
10 36
10 39
10 41
10 45
10 49
11 12
11 13
11 15
11 18
11 19
11 20
11 21
11 23
11 26
11 27
11 28
11 29
11 30
11 32
11 34
11 35
11 36
11 41
11 45
11 48
12 13
12 15
12 16
12 17
12 18
12 20
12 22
12 23
12 25
12 28
12 29
12 30
12 32
12 34
12 41
12 42
12 43
12 44
12 45
12 46
12 47
12 49
13 15
13 17
13 18
13 19
13 20
13 23
13 24
13 29
13 30
13 32
13 33
13 34
13 35
13 36
13 37
13 40
13 42
13 43
13 44
13 45
13 46
13 47
13 48
13 49
14 15
14 17
14 18
14 19
14 20
14 22
14 23
14 24
14 28
14 32
14 36
14 37
14 40
14 44
14 45
15 17
15 23
15 24
15 25
15 26
15 27
15 28
15 29
15 31
15 33
15 34
15 37
15 41
15 42
15 43
15 45
15 46
15 47
15 49
16 18
16 20
16 23
16 24
16 25
16 27
16 30
16 34
16 35
16 38
16 39
16 40
16 41
16 42
16 46
16 47
16 48
17 19
17 21
17 23
17 24
17 25
17 27
17 35
17 36
17 37
17 38
17 39
17 40
17 42
17 45
17 46
17 48
18 20
18 21
18 22
18 24
18 26
18 28
18 29
18 30
18 34
18 35
18 36
18 37
18 47
18 48
18 49
19 21
19 22
19 23
19 24
19 25
19 27
19 30
19 32
19 34
19 36
19 37
19 38
19 41
19 42
19 45
19 49
20 21
20 27
20 32
20 34
20 35
20 36
20 37
20 39
20 40
20 43
20 44
20 45
20 46
20 48
21 22
21 23
21 24
21 26
21 28
21 30
21 31
21 32
21 37
21 41
21 43
21 46
22 23
22 26
22 29
22 30
22 31
22 32
22 36
22 37
22 39
22 47
23 28
23 30
23 31
23 33
23 34
23 36
23 37
23 38
23 39
23 41
23 43
23 44
23 45
23 47
23 49
24 25
24 26
24 29
24 34
24 35
24 36
24 39
24 41
24 42
24 43
24 44
24 46
24 47
24 49
25 29
25 30
25 33
25 34
25 36
25 38
25 40
25 42
25 45
25 49
26 28
26 29
26 31
26 32
26 38
26 40
26 42
26 43
26 44
26 46
26 48
26 49
27 28
27 30
27 31
27 36
27 38
27 39
27 41
27 42
27 44
27 46
27 47
27 48
28 30
28 37
28 38
28 43
28 44
28 45
28 47
28 48
28 49
29 32
29 33
29 34
29 37
29 38
29 39
29 40
29 47
29 48
30 32
30 35
30 37
30 38
30 39
30 45
30 49
31 33
31 34
31 35
31 36
31 39
31 40
31 41
31 42
31 46
32 33
32 35
32 38
32 41
32 43
32 47
32 48
32 49
33 34
33 35
33 36
33 37
33 40
33 41
33 43
33 45
33 46
33 49
34 35
34 36
34 37
34 38
34 40
34 41
34 43
34 46
34 47
34 49
35 37
35 38
35 39
35 42
35 45
35 46
35 47
36 40
36 42
36 43
36 44
36 45
36 48
36 49
37 39
37 40
37 42
38 39
38 40
38 42
38 43
38 47
38 48
38 49
39 45
39 47
39 49
40 41
40 43
40 45
40 48
41 45
41 46
41 47
41 48
42 43
42 44
42 47
42 49
43 46
43 47
44 45
44 46
44 47
45 46
45 48
46 47
46 48
47 49
48 49
