50
0 2
0 3
0 4
0 6
0 9
0 10
0 16
0 17
0 18
0 19
0 20
0 21
0 22
0 23
0 24
0 26
0 29
0 31
0 32
0 35
0 36
0 37
0 38
0 40
0 43
0 44
0 45
0 46
0 47
0 48
1 3
1 4
1 7
1 11
1 13
1 17
1 23
1 26
1 28
1 31
1 36
1 38
1 44
1 45
1 46
2 3
2 13
2 14
2 15
2 17
2 18
2 19
2 20
2 22
2 25
2 27
2 31
2 37
2 42
2 44
2 45
2 46
2 47
2 49
3 7
3 8
3 14
3 16
3 21
3 22
3 23
3 25
3 28
3 30
3 33
3 34
3 36
3 38
3 39
3 41
3 42
3 43
3 45
3 46
3 48
3 49
4 5
4 7
4 10
4 13
4 18
4 20
4 21
4 22
4 25
4 30
4 32
4 34
4 35
4 36
4 37
4 38
4 40
4 43
4 47
4 48
4 49
5 6
5 7
5 9
5 10
5 12
5 13
5 15
5 17
5 18
5 19
5 22
5 23
5 24
5 30
5 31
5 32
5 34
5 35
5 37
5 38
5 39
5 40
5 43
5 45
5 49
6 7
6 8
6 10
6 12
6 14
6 16
6 23
6 25
6 26
6 28
6 30
6 33
6 34
6 35
6 37
6 38
6 43
6 45
6 46
7 8
7 9
7 11
7 15
7 19
7 20
7 22
7 23
7 29
7 31
7 32
7 33
7 35
7 40
7 41
7 43
7 47
7 49
8 11
8 12
8 14
8 15
8 17
8 20
8 21
8 23
8 24
8 28
8 29
8 30
8 32
8 33
8 34
8 35
8 37
8 38
8 41
8 42
8 43
8 44
9 12
9 20
9 27
9 30
9 32
9 33
9 36
9 37
9 39
9 43
9 45
9 46
9 47
9 49
10 11
10 13
10 14
10 15
10 17
10 19
10 20
10 21
10 29
10 30
10 31
10 33
10 36
10 39
10 40
10 41
10 43
10 44
10 45
10 46
10 47
10 48
10 49
11 12
11 15
11 16
11 17
11 18
11 20
11 31
11 33
11 34
11 35
11 38
11 39
11 43
11 44
11 46
11 47
11 48
12 15
12 17
12 19
12 20
12 22
12 24
12 25
12 26
12 27
12 28
12 30
12 32
12 33
12 35
12 36
12 39
12 40
12 41
12 47
12 48
12 49
13 15
13 19
13 23
13 25
13 26
13 28
13 29
13 30
13 31
13 33
13 35
13 37
13 41
13 43
13 44
13 45
13 46
13 48
13 49
14 16
14 17
14 20
14 21
14 22
14 23
14 24
14 26
14 28
14 29
14 30
14 33
14 34
14 37
14 40
14 42
14 45
14 46
14 49
15 19
15 21
15 22
15 23
15 26
15 33
15 36
15 40
15 41
15 42
15 43
15 45
15 49
16 19
16 22
16 23
16 25
16 26
16 27
16 28
16 30
16 32
16 36
16 40
16 43
16 44
16 46
16 47
16 49
17 18
17 19
17 20
17 21
17 22
17 23
17 28
17 29
17 30
17 35
17 37
17 38
17 41
17 42
17 45
17 46
17 47
17 48
17 49
18 21
18 32
18 33
18 34
18 36
18 37
18 39
18 40
18 42
18 45
18 46
18 47
18 49
19 20
19 22
19 26
19 28
19 29
19 33
19 34
19 35
19 36
19 37
19 42
19 43
19 44
19 45
19 46
19 47
19 48
19 49
20 21
20 22
20 23
20 26
20 27
20 30
20 34
20 35
20 37
20 39
20 41
20 46
20 47
20 48
21 22
21 23
21 26
21 27
21 28
21 29
21 32
21 33
21 37
21 39
21 40
21 41
21 42
21 45
21 48
21 49
22 23
22 26
22 27
22 29
22 31
22 33
22 36
22 38
22 40
22 42
22 43
22 44
22 46
22 49
23 25
23 30
23 32
23 38
23 40
23 42
23 43
23 48
24 26
24 28
24 30
24 31
24 36
24 37
24 41
24 43
24 44
24 45
24 49
25 26
25 27
25 30
25 31
25 33
25 34
25 36
25 37
25 38
25 39
25 41
25 44
25 45
25 47
26 27
26 28
26 32
26 34
26 35
26 36
26 38
26 40
26 41
26 42
26 45
26 47
27 28
27 30
27 32
27 34
27 38
27 40
27 43
27 47
27 48
28 30
28 33
28 46
28 49
29 30
29 31
29 33
29 34
29 35
29 39
29 40
29 41
29 43
29 44
29 48
30 32
30 34
30 35
30 37
30 40
30 41
30 44
30 46
30 47
30 49
31 32
31 33
31 36
31 41
31 43
31 48
31 49
32 34
32 35
32 36
32 39
32 41
32 42
32 43
32 44
32 45
32 46
32 47
32 48
33 34
33 36
33 37
33 41
33 42
33 43
33 45
33 46
33 47
33 49
34 37
34 39
34 41
34 42
34 43
34 44
34 45
34 46
34 47
34 48
34 49
35 37
35 38
35 41
35 42
35 43
35 46
35 47
35 48
36 38
36 39
36 40
36 41
36 42
36 43
36 45
36 46
36 48
37 39
37 40
37 42
37 44
37 46
37 47
38 41
38 43
38 44
38 45
38 46
38 48
38 49
39 40
39 43
39 44
39 45
39 46
39 48
40 42
40 44
40 49
41 45
41 49
42 44
42 46
43 44
43 45
43 46
43 48
44 46
44 49
45 48
46 47
46 48
46 49
47 48
47 49
48 49
