1 3 
1 4 
1 6 
1 8 
1 14 
1 19 
1 20 
1 31 
1 32 
1 37 
1 42 
1 44 
1 49 
2 8 
2 9 
2 13 
2 17 
2 33 
2 36 
2 40 
2 43 
2 44 
3 11 
3 16 
3 17 
3 19 
3 22 
3 25 
3 26 
3 29 
3 38 
3 41 
3 44 
4 5 
4 15 
4 18 
4 20 
4 21 
4 26 
4 28 
4 29 
4 30 
4 34 
4 38 
4 48 
5 10 
5 12 
5 15 
5 16 
5 20 
5 24 
5 26 
6 9 
6 11 
6 14 
6 16 
6 17 
6 22 
6 29 
6 34 
6 35 
6 41 
6 47 
6 48 
6 50 
7 9 
7 18 
7 22 
7 25 
7 28 
7 38 
7 39 
8 13 
8 25 
8 30 
8 35 
8 36 
8 40 
8 44 
8 45 
8 47 
8 48 
9 11 
9 12 
9 19 
9 22 
9 23 
9 31 
9 32 
9 33 
9 35 
9 40 
9 43 
9 45 
9 46 
9 48 
10 13 
10 14 
10 15 
10 20 
10 21 
10 22 
10 27 
10 28 
10 30 
10 35 
10 37 
10 38 
10 39 
10 41 
10 43 
10 44 
10 45 
10 46 
11 24 
11 29 
11 31 
11 33 
11 35 
11 37 
11 44 
11 50 
12 13 
12 15 
12 16 
12 18 
12 24 
12 26 
12 27 
12 28 
12 36 
12 37 
12 47 
13 18 
13 19 
13 26 
13 28 
13 32 
13 34 
13 37 
13 38 
14 35 
14 42 
14 46 
15 17 
15 22 
15 27 
15 33 
15 40 
15 49 
16 22 
16 24 
16 30 
16 33 
16 37 
16 39 
16 40 
16 47 
17 18 
17 25 
17 28 
17 29 
17 38 
17 39 
17 40 
17 41 
17 43 
18 21 
18 26 
18 29 
18 36 
18 37 
18 39 
18 43 
18 44 
18 46 
19 23 
19 28 
19 32 
19 48 
20 21 
20 23 
20 27 
20 34 
20 39 
20 42 
20 43 
20 46 
21 22 
21 26 
21 34 
21 41 
21 49 
22 24 
22 31 
22 32 
22 41 
22 43 
22 47 
22 48 
23 25 
23 27 
23 28 
23 29 
23 33 
23 36 
23 43 
23 44 
24 26 
24 29 
24 33 
24 34 
24 35 
24 38 
24 39 
24 44 
24 46 
25 28 
25 30 
25 35 
25 41 
25 42 
25 43 
25 46 
26 29 
26 34 
26 42 
26 44 
26 46 
26 48 
27 30 
27 33 
27 35 
27 43 
27 46 
27 48 
27 49 
28 38 
28 41 
29 31 
29 34 
29 38 
29 43 
29 44 
29 47 
29 50 
30 33 
30 38 
30 39 
30 40 
30 41 
30 42 
30 45 
30 46 
31 32 
31 37 
31 39 
31 45 
31 46 
31 47 
32 42 
33 40 
33 41 
33 44 
33 48 
33 49 
34 35 
34 36 
34 38 
34 41 
34 43 
34 47 
35 37 
35 40 
35 42 
35 46 
36 39 
36 40 
36 43 
36 48 
37 43 
37 44 
37 46 
37 47 
38 46 
39 40 
39 43 
39 44 
39 45 
39 46 
39 48 
40 42 
41 45 
41 49 
42 47 
42 48 
42 49 
43 44 
43 48 
43 50 
44 50 
45 50 
46 47 
46 49 
47 48 
47 50 
